-0.1965430407866491 -0.1965430407866491 -0.1965430407866491
-0.30579011646412785 -0.30579011646412785 -0.30579011646412785
-9.95882708183843 -9.95882708183843 -9.95882708183843
-7.223177574709178 -7.223177574709178 -7.223177574709178
-18.14535442777813 -18.14535442777813 -18.14535442777813
-8.809146321419949 -8.809146321419949 -8.809146321419949
-7.4024704359977544 -7.4024704359977544 -7.4024704359977544
-9.81130839543442 -9.81130839543442 -9.81130839543442
-4.765609407706454 -4.765609407706454 -4.765609407706454
-4.012379693064118 -4.012379693064118 -4.012379693064118
43.32550178692939 43.32550178692939 43.32550178692939
-7.1086662169019466 -7.1086662169019466 -7.1086662169019466
-10.915648406193274 -10.915648406193274 -10.915648406193274
-8.067442640084481 -8.067442640084481 -8.067442640084481
-15.602239859713404 -15.602239859713404 -15.602239859713404
-18.952624994713986 -18.952624994713986 -18.952624994713986
-7.031062531360853 -7.031062531360853 -7.031062531360853
-9.307316695073501 -9.307316695073501 -9.307316695073501
-7.410234863803877 -7.410234863803877 -7.410234863803877
-7.298447216593719 -7.298447216593719 -7.298447216593719
-7.47497619400306 -7.47497619400306 -7.47497619400306
-7.160297420627425 -7.160297420627425 -7.160297420627425
-3.337248099388455 -3.337248099388455 -3.337248099388455
-5.075745655046168 -5.075745655046168 -5.075745655046168
-5.465960886366037 -5.465960886366037 -5.465960886366037
-6.236144454756739 -6.236144454756739 -6.236144454756739
-6.457813754845089 -6.457813754845089 -6.457813754845089
-5.459282416044117 -5.459282416044117 -5.459282416044117
-4.636114795108135 -4.636114795108135 -4.636114795108135
-5.9991118090478075 -5.9991118090478075 -5.9991118090478075
-3.627567153212961 -3.627567153212961 -3.627567153212961
-4.5760000439758395 -4.5760000439758395 -4.5760000439758395
-4.75584723435826 -4.75584723435826 -4.75584723435826
-5.376936794660368 -5.376936794660368 -5.376936794660368
-0.04496414271566676 -0.04496414271566676 -0.04496414271566676
-0.3185141284988754 -0.3185141284988754 -0.3185141284988754
-0.16310605730237762 -0.16310605730237762 -0.16310605730237762
-0.15769618023525941 -0.15769618023525941 -0.15769618023525941
-0.5895459053720312 -0.5895459053720312 -0.5895459053720312
-0.12405133367635589 -0.12405133367635589 -0.12405133367635589
32.63708852282732 32.63708852282732 32.63708852282732
-0.21767329519926654 -0.21767329519926654 -0.21767329519926654
-1.2885481738890425 -1.2885481738890425 -1.2885481738890425
-0.5596533889894154 -0.5596533889894154 -0.5596533889894154
-0.1726039306294485 -0.1726039306294485 -0.1726039306294485
-1.3273660430072693 -1.3273660430072693 -1.3273660430072693
-0.5204052116816945 -0.5204052116816945 -0.5204052116816945
-3.1222868775917245 -3.1222868775917245 -3.1222868775917245
-0.10339647031951862 -0.10339647031951862 -0.10339647031951862
-0.5174407271420152 -0.5174407271420152 -0.5174407271420152
-0.8338342313449671 -0.8338342313449671 -0.8338342313449671
-0.10538511887675632 -0.10538511887675632 -0.10538511887675632
-0.3323616191356484 -0.3323616191356484 -0.3323616191356484
-0.4633372124283126 -0.4633372124283126 -0.4633372124283126
-0.7646079933624294 -0.7646079933624294 -0.7646079933624294
-0.26115161619632815 -0.26115161619632815 -0.26115161619632815
-1.0713707091398619 -1.0713707091398619 -1.0713707091398619
-103.51749505412556 -103.51749505412556 -103.51749505412556
-0.26878268787363835 -0.26878268787363835 -0.26878268787363835
-1.0989296400102075 -1.0989296400102075 -1.0989296400102075
-0.22665520019724114 -0.22665520019724114 -0.22665520019724114
-0.5770950581088463 -0.5770950581088463 -0.5770950581088463
-13.420789607932225 -13.420789607932225 -13.420789607932225
-0.35768992022903795 -0.35768992022903795 -0.35768992022903795
-0.14442564859643447 -0.14442564859643447 -0.14442564859643447
-0.38604520958221833 -0.38604520958221833 -0.38604520958221833
-0.33051375673109656 -0.33051375673109656 -0.33051375673109656
0.004597789152875036 0.004597789152875036 0.004597789152875036
-0.1577987347398242 -0.1577987347398242 -0.1577987347398242
-0.2904911736524052 -0.2904911736524052 -0.2904911736524052
-1.1262717526094246 -1.1262717526094246 -1.1262717526094246
-1.6202843181476467 -1.6202843181476467 -1.6202843181476467
-2.4877936448512776 -2.4877936448512776 -2.4877936448512776
-7.60373104745057 -7.60373104745057 -7.60373104745057
-14.491021517591143 -14.491021517591143 -14.491021517591143
-4.891662898840877 -4.891662898840877 -4.891662898840877
-2.9585104993712164 -2.9585104993712164 -2.9585104993712164
-6.91355471550751 -6.91355471550751 -6.91355471550751
-14.908764634997919 -14.908764634997919 -14.908764634997919
-14.130555063078525 -14.130555063078525 -14.130555063078525
-16.524046594101513 -16.524046594101513 -16.524046594101513
-12.684888516602676 -12.684888516602676 -12.684888516602676
-5.0790480480994855 -5.0790480480994855 -5.0790480480994855
-9.566424072670134 -9.566424072670134 -9.566424072670134
-52.87883966013709 -52.87883966013709 -52.87883966013709
-27.947351501048317 -27.947351501048317 -27.947351501048317
-10.4543296377717 -10.4543296377717 -10.4543296377717
-5.946610966132752 -5.946610966132752 -5.946610966132752
-26.868664545862643 -26.868664545862643 -26.868664545862643
-12.39824384444881 -12.39824384444881 -12.39824384444881
-25.83451410536743 -25.83451410536743 -25.83451410536743
-13.673336453527378 -13.673336453527378 -13.673336453527378
-26.414214123491725 -26.414214123491725 -26.414214123491725
-7.372059043621227 -7.372059043621227 -7.372059043621227
-13.145931109618324 -13.145931109618324 -13.145931109618324
-17.423141363154564 -17.423141363154564 -17.423141363154564
-18.368438185991135 -18.368438185991135 -18.368438185991135
-18.408726367427818 -18.408726367427818 -18.408726367427818
-12.219852216642398 -12.219852216642398 -12.219852216642398
-11.374822206581467 -11.374822206581467 -11.374822206581467
-8.051914559395788 -8.051914559395788 -8.051914559395788
-7.631020738000154 -7.631020738000154 -7.631020738000154
-11.769409659670353 -11.769409659670353 -11.769409659670353
-9.326992625544543 -9.326992625544543 -9.326992625544543
-11.421369487065995 -11.421369487065995 -11.421369487065995
-9.940730540252236 -9.940730540252236 -9.940730540252236
-14.232079912497335 -14.232079912497335 -14.232079912497335
-23.442937322969204 -23.442937322969204 -23.442937322969204
-12.99123418132915 -12.99123418132915 -12.99123418132915
-10.897985020637611 -10.897985020637611 -10.897985020637611
-5.60181861399172 -5.60181861399172 -5.60181861399172
-6.690335330254955 -6.690335330254955 -6.690335330254955
-30.701545062156114 -30.701545062156114 -30.701545062156114
-13.790697565959759 -13.790697565959759 -13.790697565959759
-21.20387608843642 -21.20387608843642 -21.20387608843642
-18.20898848467596 -18.20898848467596 -18.20898848467596
-39.182196773222344 -39.182196773222344 -39.182196773222344
-18.633414968100908 -18.633414968100908 -18.633414968100908
-7.168965329371339 -7.168965329371339 -7.168965329371339
-12.612821800815452 -12.612821800815452 -12.612821800815452
-7.180164355931845 -7.180164355931845 -7.180164355931845
-6.095912343273022 -6.095912343273022 -6.095912343273022
-6.355650440917316 -6.355650440917316 -6.355650440917316
-5.446057627677039 -5.446057627677039 -5.446057627677039
-17.8222695791914 -17.8222695791914 -17.8222695791914
-15.87812279193306 -15.87812279193306 -15.87812279193306
-6.143341834816644 -6.143341834816644 -6.143341834816644
-25.275716474141024 -25.275716474141024 -25.275716474141024
-13.677318260223574 -13.677318260223574 -13.677318260223574
-6.8967896859443245 -6.8967896859443245 -6.8967896859443245
-8.127057221168293 -8.127057221168293 -8.127057221168293
-4.387418538298943 -4.387418538298943 -4.387418538298943
-3.15918840671191 -3.15918840671191 -3.15918840671191
-4.736344548886072 -4.736344548886072 -4.736344548886072
-4.6709499243717305 -4.6709499243717305 -4.6709499243717305
-2.9183393480484394 -2.9183393480484394 -2.9183393480484394
-4.482829964333504 -4.482829964333504 -4.482829964333504
-4.7663503178453 -4.7663503178453 -4.7663503178453
-5.339529914984593 -5.339529914984593 -5.339529914984593
-4.229265031760401 -4.229265031760401 -4.229265031760401
-6.375840766375249 -6.375840766375249 -6.375840766375249
-4.011726934664586 -4.011726934664586 -4.011726934664586
-5.100478401368661 -5.100478401368661 -5.100478401368661
-5.531957621489857 -5.531957621489857 -5.531957621489857
-6.476036335035374 -6.476036335035374 -6.476036335035374
-6.753151425394182 -6.753151425394182 -6.753151425394182
-13.916461897100982 -13.916461897100982 -13.916461897100982
-8.938759502202414 -8.938759502202414 -8.938759502202414
-16.12054036170181 -16.12054036170181 -16.12054036170181
-16.213180715458243 -16.213180715458243 -16.213180715458243
-8.403088645853801 -8.403088645853801 -8.403088645853801
-43.609153905946 -43.609153905946 -43.609153905946
-9.320649891068888 -9.320649891068888 -9.320649891068888
-2.795279976640624 -2.795279976640624 -2.795279976640624
-4.062699491410091 -4.062699491410091 -4.062699491410091
-5.9955133342534035 -5.9955133342534035 -5.9955133342534035
-3.7468551052238936 -3.7468551052238936 -3.7468551052238936
-2.31708821243353 -2.31708821243353 -2.31708821243353
-2.364635624128348 -2.364635624128348 -2.364635624128348
-3.6859507873692743 -3.6859507873692743 -3.6859507873692743
-2.6286287349400497 -2.6286287349400497 -2.6286287349400497
-1.4371605669187062 -1.4371605669187062 -1.4371605669187062
-3.649796475441076 -3.649796475441076 -3.649796475441076
-1.8117737361473565 -1.8117737361473565 -1.8117737361473565
-7.198835407826971 -7.198835407826971 -7.198835407826971
-22.848822756843052 -22.848822756843052 -22.848822756843052
-8.469796598800615 -8.469796598800615 -8.469796598800615
-18.28407973845492 -18.28407973845492 -18.28407973845492
-67.63028208780884 -67.63028208780884 -67.63028208780884
-7.379904416791266 -7.379904416791266 -7.379904416791266
-18.430590227498044 -18.430590227498044 -18.430590227498044
-9.610359517473348 -9.610359517473348 -9.610359517473348
-15.969581243963418 -15.969581243963418 -15.969581243963418
-15.207151553422605 -15.207151553422605 -15.207151553422605
-8.088767568163238 -8.088767568163238 -8.088767568163238
-2.7375659176074567 -2.7375659176074567 -2.7375659176074567
-10.653623788794068 -10.653623788794068 -10.653623788794068
-4.615591737650938 -4.615591737650938 -4.615591737650938
-11.169231815578003 -11.169231815578003 -11.169231815578003
-7.7506332971224685 -7.7506332971224685 -7.7506332971224685
-9.162482158914857 -9.162482158914857 -9.162482158914857
-3.901128452195095 -3.901128452195095 -3.901128452195095
-39.23202613135751 -39.23202613135751 -39.23202613135751
-17.1348186621311 -17.1348186621311 -17.1348186621311
-6.683879430808274 -6.683879430808274 -6.683879430808274
-9.516033988386445 -9.516033988386445 -9.516033988386445
-8.724386756555502 -8.724386756555502 -8.724386756555502
-4.559583820889556 -4.559583820889556 -4.559583820889556
-1.4246449564822685 -1.4246449564822685 -1.4246449564822685
-2.9699738927802746 -2.9699738927802746 -2.9699738927802746
-2.748026287945598 -2.748026287945598 -2.748026287945598
-8.325097826757402 -8.325097826757402 -8.325097826757402
-2.6583255912504895 -2.6583255912504895 -2.6583255912504895
-2.6127375073865005 -2.6127375073865005 -2.6127375073865005
-4.210193098388115 -4.210193098388115 -4.210193098388115
-1.765600614174495 -1.765600614174495 -1.765600614174495
-4.673820923880901 -4.673820923880901 -4.673820923880901
-30.67870192365559 -30.67870192365559 -30.67870192365559
-1.7925400315765705 -1.7925400315765705 -1.7925400315765705
-5.745935405556998 -5.745935405556998 -5.745935405556998
-13.144361392600256 -13.144361392600256 -13.144361392600256
-3.8078458577853773 -3.8078458577853773 -3.8078458577853773
-7.393126462353001 -7.393126462353001 -7.393126462353001
-12.800653340075105 -12.800653340075105 -12.800653340075105
-8.755515692408416 -8.755515692408416 -8.755515692408416
-5.372299152006782 -5.372299152006782 -5.372299152006782
-2.98425157379691 -2.98425157379691 -2.98425157379691
-6.189056399683899 -6.189056399683899 -6.189056399683899
-2.919546627612213 -2.919546627612213 -2.919546627612213
-16.90981190141139 -16.90981190141139 -16.90981190141139
-11.0569617178719 -11.0569617178719 -11.0569617178719
-9.580711244715749 -9.580711244715749 -9.580711244715749
-1.4302492348805949 -1.4302492348805949 -1.4302492348805949
-0.029174920822430197 -0.029174920822430197 -0.029174920822430197
-4.20278065503697 -4.20278065503697 -4.20278065503697
-6.373696298764157 -6.373696298764157 -6.373696298764157
-5.837181546757105 -5.837181546757105 -5.837181546757105
-7.658851371626633 -7.658851371626633 -7.658851371626633
-12.258175934140423 -12.258175934140423 -12.258175934140423
-11.392765537316917 -11.392765537316917 -11.392765537316917
-8.465962846852882 -8.465962846852882 -8.465962846852882
-8.287127742744751 -8.287127742744751 -8.287127742744751
-18.38632448503252 -18.38632448503252 -18.38632448503252
-19.497979414428865 -19.497979414428865 -19.497979414428865
-5.4463797223465535 -5.4463797223465535 -5.4463797223465535
-11.237089567879377 -11.237089567879377 -11.237089567879377
-4.700185357354221 -4.700185357354221 -4.700185357354221
-6.507377187502565 -6.507377187502565 -6.507377187502565
-10.805780503713548 -10.805780503713548 -10.805780503713548
-14.305341580690694 -14.305341580690694 -14.305341580690694
-8.082117719121456 -8.082117719121456 -8.082117719121456
-7.734590942278185 -7.734590942278185 -7.734590942278185
-5.961792560429551 -5.961792560429551 -5.961792560429551
-4.508437249064733 -4.508437249064733 -4.508437249064733
-11.026682987174361 -11.026682987174361 -11.026682987174361
-19.26494672434169 -19.26494672434169 -19.26494672434169
-6.440637051833883 -6.440637051833883 -6.440637051833883
-7.730821009101656 -7.730821009101656 -7.730821009101656
-8.914740562831943 -8.914740562831943 -8.914740562831943
-7.122224694676206 -7.122224694676206 -7.122224694676206
-6.113807637714269 -6.113807637714269 -6.113807637714269
-8.0165348908224 -8.0165348908224 -8.0165348908224
-2.7841999897033647 -2.7841999897033647 -2.7841999897033647
-4.5811415103220785 -4.5811415103220785 -4.5811415103220785
-5.0879698282986 -5.0879698282986 -5.0879698282986
-4.911821323463944 -4.911821323463944 -4.911821323463944
-0.05277431050291065 -0.05277431050291065 -0.05277431050291065
-0.0890722821852352 -0.0890722821852352 -0.0890722821852352
-0.2359088092664237 -0.2359088092664237 -0.2359088092664237
-0.26529321169169107 -0.26529321169169107 -0.26529321169169107
-0.09326335982018866 -0.09326335982018866 -0.09326335982018866
-0.6322275105637103 -0.6322275105637103 -0.6322275105637103
-5.941786909231875 -5.941786909231875 -5.941786909231875
-4.774933335988221 -4.774933335988221 -4.774933335988221
-0.280912368342844 -0.280912368342844 -0.280912368342844
-0.24654111718980917 -0.24654111718980917 -0.24654111718980917
-0.2554320309725235 -0.2554320309725235 -0.2554320309725235
-0.2752373060421274 -0.2752373060421274 -0.2752373060421274
-0.758093042713253 -0.758093042713253 -0.758093042713253
-0.49436165941602217 -0.49436165941602217 -0.49436165941602217
-0.5324447453154312 -0.5324447453154312 -0.5324447453154312
-0.7400710976795601 -0.7400710976795601 -0.7400710976795601
-1.4066727782966935 -1.4066727782966935 -1.4066727782966935
-3.129449407135392 -3.129449407135392 -3.129449407135392
-2.8140439615118464 -2.8140439615118464 -2.8140439615118464
-8.200910235672795 -8.200910235672795 -8.200910235672795
-0.14362843124608402 -0.14362843124608402 -0.14362843124608402
-0.18424286129033166 -0.18424286129033166 -0.18424286129033166
-0.12248542105643832 -0.12248542105643832 -0.12248542105643832
-0.13908031221085712 -0.13908031221085712 -0.13908031221085712
-0.30509497506090116 -0.30509497506090116 -0.30509497506090116
-66.90357475203369 -66.90357475203369 -66.90357475203369
-34.94435899967726 -34.94435899967726 -34.94435899967726
-1.143253873491663 -1.143253873491663 -1.143253873491663
-0.1577328519399917 -0.1577328519399917 -0.1577328519399917
-0.6068941404945453 -0.6068941404945453 -0.6068941404945453
-0.07747091689942728 -0.07747091689942728 -0.07747091689942728
-1.6139561687321697 -1.6139561687321697 -1.6139561687321697
-0.11408392400350875 -0.11408392400350875 -0.11408392400350875
-0.11330436268541332 -0.11330436268541332 -0.11330436268541332
-0.4842568753338794 -0.4842568753338794 -0.4842568753338794
-0.41998572856915284 -0.41998572856915284 -0.41998572856915284
-2.6172761000002036 -2.6172761000002036 -2.6172761000002036
-14.2416463107948 -14.2416463107948 -14.2416463107948
-2.0734748160898593 -2.0734748160898593 -2.0734748160898593
-1.1645776206486522 -1.1645776206486522 -1.1645776206486522
-0.8964565727317831 -0.8964565727317831 -0.8964565727317831
-0.5510416051569853 -0.5510416051569853 -0.5510416051569853
-2.9765071859856667 -2.9765071859856667 -2.9765071859856667
-33.12011353334632 -33.12011353334632 -33.12011353334632
-17.355509222456806 -17.355509222456806 -17.355509222456806
-2.5560043786420232 -2.5560043786420232 -2.5560043786420232
-18.128831124668537 -18.128831124668537 -18.128831124668537
-5.325196338102028 -5.325196338102028 -5.325196338102028
-40.00663831528057 -40.00663831528057 -40.00663831528057
-0.7485384252197717 -0.7485384252197717 -0.7485384252197717
-7.464084708022075 -7.464084708022075 -7.464084708022075
-6.651495312769958 -6.651495312769958 -6.651495312769958
-129.80434346329034 -129.80434346329034 -129.80434346329034
-65.97168263922465 -65.97168263922465 -65.97168263922465
-33.08560810259872 -33.08560810259872 -33.08560810259872
-4.490053881745081 -4.490053881745081 -4.490053881745081
-0.27778093157383715 -0.27778093157383715 -0.27778093157383715
-1.0424193137680473 -1.0424193137680473 -1.0424193137680473
-0.7795752247589695 -0.7795752247589695 -0.7795752247589695
-0.4996880292790871 -0.4996880292790871 -0.4996880292790871
-2.1897708755344265 -2.1897708755344265 -2.1897708755344265
-5.945241486083588 -5.945241486083588 -5.945241486083588
-5.078719738520893 -5.078719738520893 -5.078719738520893
-8.658790262649184 -8.658790262649184 -8.658790262649184
-43.09779178573235 -43.09779178573235 -43.09779178573235
-51.71748820764756 -51.71748820764756 -51.71748820764756
-11.149943356910859 -11.149943356910859 -11.149943356910859
-13.463164839818273 -13.463164839818273 -13.463164839818273
-12.653821633808795 -12.653821633808795 -12.653821633808795
-8.20941664659118 -8.20941664659118 -8.20941664659118
-13.147183616371656 -13.147183616371656 -13.147183616371656
0.3198688928873485 0.3198688928873485 0.3198688928873485
-15.552346514420435 -15.552346514420435 -15.552346514420435
-12.803412799156149 -12.803412799156149 -12.803412799156149
-56.96777021979784 -56.96777021979784 -56.96777021979784
-22.921450338856584 -22.921450338856584 -22.921450338856584
-18.844772127592343 -18.844772127592343 -18.844772127592343
-16.706100276598534 -16.706100276598534 -16.706100276598534
-0.21094922719403134 -0.21094922719403134 -0.21094922719403134
-0.07483165421607824 -0.07483165421607824 -0.07483165421607824
-0.08984950941938402 -0.08984950941938402 -0.08984950941938402
0.27418762621257353 0.27418762621257353 0.27418762621257353
-0.17718019399414198 -0.17718019399414198 -0.17718019399414198
-9.097234803158804 -9.097234803158804 -9.097234803158804
-0.6635550849681778 -0.6635550849681778 -0.6635550849681778
0.00169523426364705 0.00169523426364705 0.00169523426364705
-9.94636378066306 -9.94636378066306 -9.94636378066306
-5.034683468761088 -5.034683468761088 -5.034683468761088
-0.5764332979868056 -0.5764332979868056 -0.5764332979868056
-0.8581338541640069 -0.8581338541640069 -0.8581338541640069
-0.18178167238657164 -0.18178167238657164 -0.18178167238657164
-0.1467758979962628 -0.1467758979962628 -0.1467758979962628
-0.27558335837920866 -0.27558335837920866 -0.27558335837920866
-0.2500801720891952 -0.2500801720891952 -0.2500801720891952
-1.3285685920130132 -1.3285685920130132 -1.3285685920130132
-0.16783583438864913 -0.16783583438864913 -0.16783583438864913
-72.04130454413189 -72.04130454413189 -72.04130454413189
0.3365003170577063 0.3365003170577063 0.3365003170577063
-1.2667830627215524 -1.2667830627215524 -1.2667830627215524
-19.168427422597475 -19.168427422597475 -19.168427422597475
-1.150139025117411 -1.150139025117411 -1.150139025117411
-0.49995089913105506 -0.49995089913105506 -0.49995089913105506
0.16343432396644308 0.16343432396644308 0.16343432396644308
218.3793467763475 218.3793467763475 218.3793467763475
-57.750040249485835 -57.750040249485835 -57.750040249485835
-0.5688932353947882 -0.5688932353947882 -0.5688932353947882
-0.5481965045460937 -0.5481965045460937 -0.5481965045460937
-0.5733931000365659 -0.5733931000365659 -0.5733931000365659
-0.5234998595442818 -0.5234998595442818 -0.5234998595442818
-0.18576035241687547 -0.18576035241687547 -0.18576035241687547
3.9821759286640797 3.9821759286640797 3.9821759286640797
0.20611463477144026 0.20611463477144026 0.20611463477144026
2.132467788140162 2.132467788140162 2.132467788140162
-0.1575135260618206 -0.1575135260618206 -0.1575135260618206
1.8729544138057828 1.8729544138057828 1.8729544138057828
-0.5029576349926346 -0.5029576349926346 -0.5029576349926346
-0.2070775725275931 -0.2070775725275931 -0.2070775725275931
-1.580985389422291 -1.580985389422291 -1.580985389422291
-0.14258270475497634 -0.14258270475497634 -0.14258270475497634
-0.9856548198442782 -0.9856548198442782 -0.9856548198442782
-0.9433227222167231 -0.9433227222167231 -0.9433227222167231
-0.4098915444668646 -0.4098915444668646 -0.4098915444668646
-0.24079552492595444 -0.24079552492595444 -0.24079552492595444
-1.3210497138514607 -1.3210497138514607 -1.3210497138514607
-0.03416863781999198 -0.03416863781999198 -0.03416863781999198
0.8285895447895093 0.8285895447895093 0.8285895447895093
-1.817391052639852 -1.817391052639852 -1.817391052639852
-0.5524335779540308 -0.5524335779540308 -0.5524335779540308
-1.2003384546177662 -1.2003384546177662 -1.2003384546177662
-1.1440287989557576 -1.1440287989557576 -1.1440287989557576
-0.1103168271706912 -0.1103168271706912 -0.1103168271706912
-7.858299994207172 -7.858299994207172 -7.858299994207172
-0.6861723818192274 -0.6861723818192274 -0.6861723818192274
-1.1321767618329408 -1.1321767618329408 -1.1321767618329408
-11.422624166716687 -11.422624166716687 -11.422624166716687
-0.36832740030011885 -0.36832740030011885 -0.36832740030011885
-0.3798605251615364 -0.3798605251615364 -0.3798605251615364
-139.17566941038913 -139.17566941038913 -139.17566941038913
-1.0321761708036614 -1.0321761708036614 -1.0321761708036614
-0.14332389942936946 -0.14332389942936946 -0.14332389942936946
-0.21015966131848426 -0.21015966131848426 -0.21015966131848426
-1.2249528386395583 -1.2249528386395583 -1.2249528386395583
-0.9068129870179249 -0.9068129870179249 -0.9068129870179249
-0.060131076015736945 -0.060131076015736945 -0.060131076015736945
-0.9192027856655932 -0.9192027856655932 -0.9192027856655932
-1.9879380538160027 -1.9879380538160027 -1.9879380538160027
-1.9341039725033016 -1.9341039725033016 -1.9341039725033016
-13.162443959926305 -13.162443959926305 -13.162443959926305
-5.057461722433249 -5.057461722433249 -5.057461722433249
-0.3243327704973521 -0.3243327704973521 -0.3243327704973521
-4.6136062596805605 -4.6136062596805605 -4.6136062596805605
-6.493043355526887 -6.493043355526887 -6.493043355526887
-6.949767418546522 -6.949767418546522 -6.949767418546522
-9.429847304744564 -9.429847304744564 -9.429847304744564
3.597227234653613 3.597227234653613 3.597227234653613
-7.667498828624823 -7.667498828624823 -7.667498828624823
-4.254309538227592 -4.254309538227592 -4.254309538227592
-7.058441228412535 -7.058441228412535 -7.058441228412535
-6.126467124432314 -6.126467124432314 -6.126467124432314
-5.5257274037973305 -5.5257274037973305 -5.5257274037973305
-3.8244135166079625 -3.8244135166079625 -3.8244135166079625
-3.7672277365400335 -3.7672277365400335 -3.7672277365400335
-4.767814536562065 -4.767814536562065 -4.767814536562065
-3.769690313585939 -3.769690313585939 -3.769690313585939
-6.082245862708486 -6.082245862708486 -6.082245862708486
-16.256982118154895 -16.256982118154895 -16.256982118154895
-15.081715353207006 -15.081715353207006 -15.081715353207006
-6.576523800666311 -6.576523800666311 -6.576523800666311
-6.51323339509954 -6.51323339509954 -6.51323339509954
-6.364540306476234 -6.364540306476234 -6.364540306476234
-9.15740713724522 -9.15740713724522 -9.15740713724522
-7.941871390593789 -7.941871390593789 -7.941871390593789
-8.050722046707254 -8.050722046707254 -8.050722046707254
-7.564393885702031 -7.564393885702031 -7.564393885702031
-3.499750490192202 -3.499750490192202 -3.499750490192202
-5.689234708089149 -5.689234708089149 -5.689234708089149
-4.922092724483914 -4.922092724483914 -4.922092724483914
-3.8427071899895915 -3.8427071899895915 -3.8427071899895915
-5.523193622884184 -5.523193622884184 -5.523193622884184
-9.694702864211878 -9.694702864211878 -9.694702864211878
-3.0009867581659653 -3.0009867581659653 -3.0009867581659653
-4.875814266551311 -4.875814266551311 -4.875814266551311
-8.062971653398044 -8.062971653398044 -8.062971653398044
-7.455277795166393 -7.455277795166393 -7.455277795166393
10.842935610741673 10.842935610741673 10.842935610741673
-3.5182939726700586 -3.5182939726700586 -3.5182939726700586
11.91810221051558 11.91810221051558 11.91810221051558
35.44290656806733 35.44290656806733 35.44290656806733
-3.804156788719408 -3.804156788719408 -3.804156788719408
-7.931263573136238 -7.931263573136238 -7.931263573136238
-2.3468580750921797 -2.3468580750921797 -2.3468580750921797
-6.114963087859055 -6.114963087859055 -6.114963087859055
-6.076823877991942 -6.076823877991942 -6.076823877991942
-6.877111686634545 -6.877111686634545 -6.877111686634545
-1.2003964714436013 -1.2003964714436013 -1.2003964714436013
-4.44182129724546 -4.44182129724546 -4.44182129724546
-2.392391111711931 -2.392391111711931 -2.392391111711931
-3.278791397078277 -3.278791397078277 -3.278791397078277
-10.101329133292571 -10.101329133292571 -10.101329133292571
-12.199635916277016 -12.199635916277016 -12.199635916277016
-7.148939736975362 -7.148939736975362 -7.148939736975362
-6.784560521361295 -6.784560521361295 -6.784560521361295
-10.495328995867812 -10.495328995867812 -10.495328995867812
-8.102345440301686 -8.102345440301686 -8.102345440301686
-7.6021940225309725 -7.6021940225309725 -7.6021940225309725
-7.059172118408674 -7.059172118408674 -7.059172118408674
-6.540827111957599 -6.540827111957599 -6.540827111957599
-9.828896613050352 -9.828896613050352 -9.828896613050352
-3.3347581003132647 -3.3347581003132647 -3.3347581003132647
-8.052861610021878 -8.052861610021878 -8.052861610021878
-10.429769908235702 -10.429769908235702 -10.429769908235702
-6.656955683117341 -6.656955683117341 -6.656955683117341
-12.756510321722027 -12.756510321722027 -12.756510321722027
18.77863975881078 18.77863975881078 18.77863975881078
-14.6019637458591 -14.6019637458591 -14.6019637458591
-42.43050947482095 -42.43050947482095 -42.43050947482095
-41.36066339032962 -41.36066339032962 -41.36066339032962
-40.18477580917731 -40.18477580917731 -40.18477580917731
-2.2546244866130016 -2.2546244866130016 -2.2546244866130016
-9.165689281449819 -9.165689281449819 -9.165689281449819
-13.203895117558575 -13.203895117558575 -13.203895117558575
-1.969973628615638 -1.969973628615638 -1.969973628615638
-61.136568336614204 -61.136568336614204 -61.136568336614204
-22.53197823895927 -22.53197823895927 -22.53197823895927
-12.469108972080006 -12.469108972080006 -12.469108972080006
-23.049638050403036 -23.049638050403036 -23.049638050403036
-2.90944566808357 -2.90944566808357 -2.90944566808357
-7.63122100846798 -7.63122100846798 -7.63122100846798
-7.678926342552889 -7.678926342552889 -7.678926342552889
-3.724149457455059 -3.724149457455059 -3.724149457455059
-39.64567768118111 -39.64567768118111 -39.64567768118111
-21.242820661432834 -21.242820661432834 -21.242820661432834
-37.571276551211376 -37.571276551211376 -37.571276551211376
-25.42218933613557 -25.42218933613557 -25.42218933613557
-26.46456893421359 -26.46456893421359 -26.46456893421359
-13.085097680696812 -13.085097680696812 -13.085097680696812
-62.669205320717424 -62.669205320717424 -62.669205320717424
-25.067546165604906 -25.067546165604906 -25.067546165604906
-18.458572059494013 -18.458572059494013 -18.458572059494013
-10.238958367370342 -10.238958367370342 -10.238958367370342
-22.263003232011343 -22.263003232011343 -22.263003232011343
-47.75662650785617 -47.75662650785617 -47.75662650785617
-14.103421387325314 -14.103421387325314 -14.103421387325314
-10.178791581631229 -10.178791581631229 -10.178791581631229
-39.52020732705329 -39.52020732705329 -39.52020732705329
-49.04908690166537 -49.04908690166537 -49.04908690166537
-7.5507449595932155 -7.5507449595932155 -7.5507449595932155
-7.593016816051569 -7.593016816051569 -7.593016816051569
-9.482787379885398 -9.482787379885398 -9.482787379885398
-9.868816694858094 -9.868816694858094 -9.868816694858094
0.9799801725819081 0.9799801725819081 0.9799801725819081
0.9270602882804483 0.9270602882804483 0.9270602882804483
1.021456979614343 1.021456979614343 1.021456979614343
1.0505787539774678 1.0505787539774678 1.0505787539774678
0.9775826102237692 0.9775826102237692 0.9775826102237692
0.9913671015257928 0.9913671015257928 0.9913671015257928
0.954789245385361 0.954789245385361 0.954789245385361
0.9277193856177336 0.9277193856177336 0.9277193856177336
2.3322342356644317 2.3322342356644317 2.3322342356644317
2.9732331472266242 2.9732331472266242 2.9732331472266242
22.38973725829253 22.38973725829253 22.38973725829253
1.188249514117105 1.188249514117105 1.188249514117105
0.8648990641757247 0.8648990641757247 0.8648990641757247
0.8471765198454331 0.8471765198454331 0.8471765198454331
0.8493434773403374 0.8493434773403374 0.8493434773403374
0.860262787633596 0.860262787633596 0.860262787633596
0.6623565634107021 0.6623565634107021 0.6623565634107021
1.0273210234992483 1.0273210234992483 1.0273210234992483
0.8857340337360766 0.8857340337360766 0.8857340337360766
0.8914867745545424 0.8914867745545424 0.8914867745545424
4.158877596983792 4.158877596983792 4.158877596983792
0.9210811898526565 0.9210811898526565 0.9210811898526565
-1.675089729186048 -1.675089729186048 -1.675089729186048
3.881516680314165 3.881516680314165 3.881516680314165
-0.161718288138697 -0.161718288138697 -0.161718288138697
0.6953919196830743 0.6953919196830743 0.6953919196830743
0.7031029448681299 0.7031029448681299 0.7031029448681299
0.4704218943070715 0.4704218943070715 0.4704218943070715
0.8117190222775227 0.8117190222775227 0.8117190222775227
-0.7938683896740834 -0.7938683896740834 -0.7938683896740834
0.005557973009416567 0.005557973009416567 0.005557973009416567
0.7488732265278829 0.7488732265278829 0.7488732265278829
-8.873631255907926 -8.873631255907926 -8.873631255907926
-11.466510150734884 -11.466510150734884 -11.466510150734884
-28.757310330785767 -28.757310330785767 -28.757310330785767
-5.0012297698301555 -5.0012297698301555 -5.0012297698301555
0.925690731923224 0.925690731923224 0.925690731923224
0.9926422235576802 0.9926422235576802 0.9926422235576802
1.54944178207319 1.54944178207319 1.54944178207319
0.6990219643669385 0.6990219643669385 0.6990219643669385
1.1589149264169238 1.1589149264169238 1.1589149264169238
1.2348052985986704 1.2348052985986704 1.2348052985986704
2.036307351014514 2.036307351014514 2.036307351014514
1.771826928027202 1.771826928027202 1.771826928027202
0.9569714642856565 0.9569714642856565 0.9569714642856565
-0.10990228042646748 -0.10990228042646748 -0.10990228042646748
0.08377900023449698 0.08377900023449698 0.08377900023449698
-0.3689319642400339 -0.3689319642400339 -0.3689319642400339
-0.03929474149707267 -0.03929474149707267 -0.03929474149707267
0.8655202909061942 0.8655202909061942 0.8655202909061942
-0.24029643839270115 -0.24029643839270115 -0.24029643839270115
-0.1650825950686577 -0.1650825950686577 -0.1650825950686577
1.1191988713982532 1.1191988713982532 1.1191988713982532
1.612387692019847 1.612387692019847 1.612387692019847
0.9868034093083115 0.9868034093083115 0.9868034093083115
1.203596957208997 1.203596957208997 1.203596957208997
1.571546659085827 1.571546659085827 1.571546659085827
1.297249508469759 1.297249508469759 1.297249508469759
1.0332680490782846 1.0332680490782846 1.0332680490782846
0.9387878740979338 0.9387878740979338 0.9387878740979338
