1.9956044704734465e-05 8.027293255034594e-05 5.7108474153965115e-06
0.00035583027487577336 0.002413551736251233 0.0001925149180303442
0.292643896316399 0.7372329118779802 0.21615588224976093
0.05235869891309357 0.12928069005767592 0.038644073202369636
0.039003968230719506 0.10781002293000197 0.029522152315067857
0.08451698841667679 0.2462579866096013 0.06670640465254238
0.20032967778201746 0.48814755243781277 0.1540772525614071
0.4702797305871224 1.4335822819069426 0.3616154314627084
0.0017837043540447778 0.005312808878924069 0.0013174903536965967
0.0016184817870480055 0.004879331167445532 0.0011897694658690589
6.0125588821156145e-05 0.0005408726193861246 3.5239870333406634e-05
9.656980909051804e-05 0.00027428639440571907 2.489781934074062e-05
0.0002950257160107362 0.000836091471846637 9.54783022691989e-05
0.00031721196796416035 0.0021862180429093213 0.00018402485840888716
0.0009961903137866068 0.0037684601421385682 0.000714816904093021
0.00043354650573203946 0.002727340810088711 0.00022082987024831424
0.0012473672335942218 0.009581064583718775 0.000736898207778501
0.00028295827918950976 0.001260292219569519 0.00020393953262848075
0.0001704666840467571 0.000566091366997015 0.00010245304442552807
0.00020343767279672203 0.0001557883036481818 2.2206033761702795e-05
0.04614027290673452 0.04604615390373391 0.04611541323736529
0.02022745916618968 0.02009886523111946 0.020220055503007782
0.018441466873694558 0.018257440762448254 0.01766480970499997
0.007281492088920305 0.007178210704310948 0.007020585368345938
0.003514625798818731 0.003110180309558337 0.0033782957501398442
0.006529613586516112 0.005465522720845883 0.006299276514333413
0.00541428703842207 0.004973346984483448 0.005296943526761433
0.003723910656651383 0.0031035591871074694 0.0036213368423373238
0.29949482141994893 0.2837880567983886 0.2999411855893735
1.0761530099955277 0.8638621297049364 1.0348108423873763
0.5434933477452173 0.46338856308488724 0.5373179858760776
0.4037208477482468 0.3451422475312028 0.3777669049193239
0.5657285437713359 0.5588993458382682 0.5391881808111257
0.4224061530638786 0.3984893440555249 0.42463350510917003
0.39455121826945483 0.4065639928173771 0.39070194096054045
0.4271849535536575 0.4214144137651735 0.4261864499234034
0.013157819222747984 0.01183460348377272 0.012809153036336044
0.1277640063352836 0.1261032653703464 0.12733984421300815
0.029404602611814084 0.018684496851708973 0.029384503115312086
0.4274530560014348 0.4082726144062861 0.42797981693642406
0.004747212072212675 0.00437575490393612 0.00464040035578407
0.009147329174537035 0.009272112337867667 0.009059815585467881
0.17162428879020852 0.14177751641232117 0.16586377773157424
0.00476555110628069 0.004175816538275432 0.00460533373785686
0.0 0.0 8.798927204062798e-05
0.0 0.0 0.0013277302945285143
0.0 0.0 0.3193202010826824
0.0 0.0 0.17025698530575825
0.0 0.0 0.2204055666423435
0.0 0.0 0.6616115098498284
0.0 0.0 0.14786220374301945
0.0 0.0 0.5211704078005471
0.0 0.0 0.002962637110860037
0.0 0.0 0.006639169688920713
0.0 0.0 0.0021589687799130333
0.0 0.0 0.4804633657056814
0.0 0.0 0.00014178646479166455
0.0 0.0 0.0023927599632015514
0.0 0.0 0.00035841363544052005
0.0 0.0 0.0011007006413664348
0.0 0.0 0.000536188860900272
0.0 0.0 0.0009866116828408421
0.0 0.0 0.0017078832442989353
0.0 0.0 0.0008833529856580861
0.10507447712460752 0.0 0.0
0.0061582123337051336 0.0 0.0
0.003731672022385325 0.0 0.0
0.007648911453436237 0.0 0.0
0.00609996568645983 0.0 0.0
0.028047512681780653 0.0 0.0
1.52094381794451 0.0 0.0
10.973228130951997 0.0 0.0
0.0029859860581471906 0.0 0.0
0.006207131785765312 0.0 0.0
0.004755865801670289 0.0 0.0
0.001345625040106556 0.0 0.0
0.3807882526991209 0.0 0.0
0.6154136820295015 0.0 0.0
0.8881803786134452 0.0 0.0
1.2914277200124036 0.0 0.0
0.00929882062666065 0.0012066804966199198 0.0016729536363972721
0.002183700529738614 0.0021625536503022172 0.0021802369994190856
0.0004216689656549331 0.00041572647004044173 0.00042055498613833626
0.0004848279564098969 0.00046100461409757666 0.00046777836223119997
0.007847304438295337 0.007842138331036827 0.007846622276512581
0.009416115151898788 0.009412332904816805 0.009415427954770053
0.00039174055755811823 0.00038488722212385494 0.0003875598341633421
0.0009292605302096751 0.000659498600140502 0.0008462915814233177
0.013726874247489638 0.013711158739670793 0.013746284219355228
0.006708246272384043 0.006135010126674969 0.006394679780235306
0.03729672014799537 0.037051575735492545 0.03726346565208418
0.00799552119135294 0.007301625809036736 0.007669203547845142
0.007441777912355828 0.007244935784337236 0.007414295677993819
0.059112728824034316 0.05542038267560248 0.05885173141918412
0.023547847815260505 0.02351574438355416 0.023542736355883265
0.01760617954940782 0.017591169071118747 0.01760818694958028
0.12824328089566253 0.08671871153011605 0.11548639628818501
0.07934543610990243 0.06882269647097652 0.07963271524652396
0.08581490710846368 0.07440581661169703 0.10325271390657317
0.047115247653312535 0.04011286634365758 0.06543585151352094
0.7484807517112079 0.6798130239387482 0.7393254819083839
0.6600119899010892 0.6527985286397111 0.6589682043225341
0.14864712926514295 0.08968466908143345 0.14339408891861752
0.14556839554644663 0.07502127760390022 0.10665876902677275
0.030884750248284236 0.0 0.03185097347703238
0.03022003312915529 0.0 0.030357816972983544
0.031650356959013796 0.0 0.02914426218127329
0.024007592827252684 0.0 0.022362670898412217
0.011619809144520406 0.0 0.010516325218386708
0.025620232623325315 0.0 0.023575856375816214
0.025882871903162668 0.0 0.025096275537129172
0.01901355507901484 0.0 0.01767841398366947
0.005014956236718533 0.0 0.005446949778387509
0.012837229080076848 0.0 0.013191952113875277
0.05759836140809552 0.0 0.05646317555134873
0.05878969484100598 0.0 0.056791825075138094
0.006153225172868663 0.0 0.006189102342346417
0.01547163122697042 0.0 0.016711504854691216
0.011466264725492314 0.0 0.012281240877064665
0.008721061350403752 0.0 0.009194518657693454
0.023692912374943764 0.0 0.03201055919837574
0.062462820870589394 0.0 0.07729744737242714
0.13540002592374856 0.0 0.1408331529474923
0.10868056911005958 0.0 0.11101500650820495
0.2298262122364973 0.0 0.207192549803043
0.1256695586573157 0.0 0.1075700908818111
0.9278969900301894 0.0 0.9118629629018882
0.5527881923084677 0.0 0.5157857275723846
0.3912749320028023 0.0 0.2730686081256656
0.493513880474264 0.0 0.47373848539991587
1.01643089753745 0.0 0.9498711519264085
1.5565402145495943 0.0 1.5288567438744844
0.28860551322283773 0.0 0.1013653015087693
0.14919942391686142 0.0 0.13972650773874284
0.0917645798387691 0.0 0.08666374249258443
0.2590502826889852 0.0 0.23338301459786207
1.0310972337489293 1.0308604049317092 1.0309111163908093
1.062720655384083 1.062486186710557 1.0626118802036122
1.068190218898528 1.068172099949602 1.0682407429876104
1.1702499869179417 1.1701006880730584 1.1701648045253634
1.0167526011339931 1.016710673208499 1.0167779173457567
1.0315049294632215 1.031502337720386 1.0315326305256973
1.025562718765078 1.0250758905560178 1.0254471183077583
1.1698545717674471 1.1687673255145286 1.1695888877233962
1.5954131343938198 1.5953501105235566 1.5953930386733517
1.3123603731142752 1.312092256404756 1.3122539080985314
1.1250466355962438 1.120258350082909 1.1228935938613835
1.070228731832437 1.066999547283393 1.0689112179722924
1.0186963744696158 1.0195394227233157 1.0185692158448743
1.085361494146378 1.0909244700823935 1.0847189016609504
1.0153533477031964 1.0152128751109253 1.0152407053347956
1.0043095414379517 1.004130774049179 1.0041962399518543
1.0395951147865208 1.03953542055713 1.0397151743263222
1.0265703778416964 1.0264437462567513 1.0266975381278132
1.004025892808082 1.0040324059605166 1.0040290904441531
1.0140283269450203 1.0143812084645147 1.013993832989677
1.298528008210373 1.2990028345278142 1.298419615898038
1.029772103438857 1.0297785007090605 1.0297697702489323
1.0609275039974568 1.0598179837338797 1.0601600882275188
4.733281458867052 4.748247400802066 4.730254814609886
1.0409417131682284 1.0406953804583243 1.040393636263932
1.0171729412272172 1.0161365605496484 1.0164547475958212
1.0119249158643773 1.0114350490799489 1.011609834494416
1.0425479039496777 1.0385242241718673 1.042300532504392
1.0159076792519515 1.0155771702383467 1.0157090388847183
1.0744558916775515 1.0735375298510004 1.0740570118675115
1.0264535490183346 1.0261350033517496 1.0264073224513324
1.0251780638761447 1.0250538632206347 1.0251532555530836
1.0951349229188625 1.0307685922595247 1.0892115125797353
3.2003890626845783 3.1477456428302384 3.183056532414151
1.0715723336895133 1.038867984972124 1.0432123447704467
1.112903829941194 1.0587897011809144 1.0920908590310565
1.0197781407151165 1.0197764191243945 1.0197795706342125
1.0923178610698736 1.092307778658064 1.0923203017632048
24.720507014363193 24.71933008002388 24.72096150848179
1.2628894718529402 1.2625142598129921 1.2628683758314483
1.2396716704777497 1.2396603612460786 1.2396941046044978
1.072185800089013 1.0721835305657808 1.0721879888383432
1.424334832560343 1.4242892697063354 1.4244025335050154
1.1134347438207828 1.1134266504223647 1.1134349380276831
3.2938321835552613 3.293540349945755 3.2947064109421422
1.315906266211196 1.3138533958906162 1.3163164146902253
1.1852849806457812 1.18520042933947 1.1853027637015443
1.7761242629454914 1.7760641514497402 1.7761780978910202
