0.1776776638481456 0.009490317609054787 0.0009446873652709873
0.004368958696574501 0.0012630970512492806 0.0006339871014482335
0.0010232573909382428 0.0008107738632205533 0.00045452322326528107
0.0007527458292729374 0.0005948586769451636 0.0003039130525526416
0.0029819067665475102 0.0016136318009272762 0.0009586983372554668
0.015841647207990386 0.0020563168657581512 0.0008441174409277993
0.0068871697123151715 0.0014047819717500566 0.0007041527104341624
0.005590848593424698 0.0017044555551020966 0.0008514742757907057
0.002479377906133521 0.001465967490895715 0.0007649690612902044
0.002213933784934381 0.0016237366504462277 0.0008979798850019832
0.0019640948733031854 0.0016207267924416965 0.0009708297192196029
0.0024315700330531506 0.0016599094074678633 0.0009111446106768901
0.0009971496725185514 0.0010603467492197528 0.0006656434489638507
0.0014209388248678726 0.001334986099474784 0.0007479104759390883
0.0015273781568770485 0.0016654106390705898 0.0008116119039279885
0.0012907208839337025 0.001612365702030096 0.0007757327131230846
0.0008739317910428777 0.0006521813225179162 0.00028614554909181007
0.0 0.0 0.0
0.0026976553994802403 0.0012838329197027317 0.0006099782238310418
0.0013913010992481906 0.0007946435681202086 0.0003550380905494505
0.001161277323587215 0.0009065509260281261 0.0004616781245242297
0.0 0.0 0.0
0.004223259562174259 0.0015726904644736105 0.0008609828204271455
0.0022033700615301105 0.0015913955230428022 0.00105637010259821
0.0023329301323894687 0.001610986103633708 0.001144156637686999
0.001486215465547103 0.0014935337725973544 0.0010136973896772165
0.0 0.0 0.0
0.0 0.0 0.0
0.0013236145250467262 0.001028544284258903 0.0006231557381037091
0.0 0.0 0.0
0.001558026112630093 0.0016660234563273413 0.0013096436303424882
0.0024803010878593403 0.0019159817688054544 0.0013992055211061658
0.0014268451503145522 0.00145824813475758 0.0011194326592991095
0.001477353021647466 0.0015158170857075594 0.00109754852111894
0.0010996342141857025 0.0009756074866938979 0.0005593239963098185
0.0034796974539703257 0.0014002716998999447 0.0007970108778856144
0.0018825826021921308 0.001366283316303271 0.0009044820956792953
0.0 0.0 0.0
0.001405067204390319 0.0010440727963096682 0.00064097292273199
0.0 0.0 0.0
0.0007895332061644279 0.0006058951344560309 0.00030662943063498795
0.0009289532444094365 0.0007398147688958631 0.00035755613451400966
0.000964196259692204 0.0007671898004957913 0.000419733895783602
0.0 0.0 0.0
0.0006395688037083688 0.0005038863489975549 0.0002573312557127558
0.000698447245979416 0.0005788134330360059 0.00035246467711019276
0.0006504854761450593 0.0005267867469300259 0.00023557551674010973
0.0005894536015457698 0.000476215339585782 0.00023162676480231208
0.0 0.0 0.0
0.0008260530058855986 0.0006798670516875868 0.00028491303246049423
0.0006425408264792713 0.0005341455745213153 0.00023246661127431634
0.0006706835615795543 0.0005940097713739471 0.0002381936824501067
0.0006507481692972602 0.0005947057012136093 0.00024601459682749874
0.0 0.0 0.0
0.0006778883888035299 0.0005366452665128158 0.00023258027124018995
0.0007460849658089942 0.0006635047680823578 0.00029879455070426123
0.0007858142367152971 0.0005706893393079248 0.00027072155666654833
0.0007390701974604009 0.0005949049669510252 0.00026884799677771994
0.0020455837282004935 0.0016232266748931398 0.00048383986215994534
0.0005262495467469583 0.0004564323412814058 0.00024221071213081206
0.0004168840418195327 0.0003747728549199692 0.0001863260220444686
0.0003694550470118971 0.00035869375654821783 0.0001818958910713703
0.000550251138428886 0.0004369562145580989 0.0002850762379005844
0.0 0.0 0.0
0.0006337715459036463 0.0005365158528669331 0.0002783916235182401
0.0006407729149427221 0.0005169781637925635 0.00030298061077321266
0.0006069888152527534 0.0004916011447637 0.0002720385457253237
0.0007495350153013415 0.0006039181172260324 0.00040794638764223094
0.0008209503921390906 0.0006282699173943024 0.00044602016887101525
0.0007169110415692428 0.0005533820977248518 0.00034266832179620304
0.000741371734834707 0.000576267521455167 0.0003740251855121196
0.0006347062593382454 0.00047609207996699674 0.00034747564223671956
0.0006688860542557578 0.0004861956042851665 0.0003678405251888538
0.0007592237302490579 0.0005376077602004937 0.000412327666078476
0.00046979459385023027 0.0003384376906565783 0.00035003027367427414
0.0018690040296567838 0.0020624620635691466 0.0017668880990897684
0.0 0.0 0.0
0.0018485836311858833 0.002328726737394165 0.0020589706412744873
0.0015727199244047274 0.0018438421479668897 0.0015076445427570908
0.0019524915772323225 0.002182950803721818 0.0018844169422625808
0.0019423979535972513 0.0026642879179916263 0.002395079925518977
0.0 0.0 0.0
0.002076164614897272 0.0046220642777511384 0.003775658162930151
0.0017295548333966346 0.0025745858162591275 0.002200047760664187
0.0018671691799378835 0.003094148321808859 0.0026733642887672247
0.0014425472861690468 0.0017516683529659096 0.0013650068985886909
0.001435073329885359 0.001967793725674125 0.0015834618142942054
0.0020343237728547296 0.0017030084099954803 0.0012059489603314275
0.0015768122446232502 0.0018077294239850251 0.0013934208603006452
0.0016703290964451799 0.0019123223509440396 0.0015680701422950555
0.0 0.0 0.0
0.001668224888370451 0.002271116327372764 0.0018990334238315103
0.00197236492051846 0.002521052655591534 0.002196158689231298
0.0016415553416552137 0.0021542437964413123 0.001818634452180255
0.0 0.0 0.0
0.0013151489965450105 0.001686742603354674 0.001208973129674436
0.0012750859421338894 0.0024221167786995816 0.001786073628398799
0.0015333401896072195 0.0021188413468329445 0.0016675059040177982
0.001316639847547857 0.0019287506363281838 0.001480556062920957
0.0 0.0 0.0
0.0013650134152302705 0.002111943267490642 0.0017479202959669914
0.0013084920666309933 0.002606867374515533 0.0019791385059839137
0.0017677265170400595 0.004960741906301532 0.003745004778067273
0.0017486681770209128 0.004408890548428985 0.0033881348259195243
0.001936888571254923 0.001649008291411369 0.0010952335348103964
0.0011560099508412314 0.0017075359427182043 0.001210015926752593
0.0013598832823158789 0.0016241981313154439 0.0010007034319548856
0.0016327855362313183 0.0017231065072538757 0.0011654017869132118
0.0011992160384763225 0.0015589535667818917 0.00098081526618669
0.0010829079264994279 0.0015021139253089853 0.001062242486701224
0.0011714430965965514 0.0014590118985177219 0.0008233365358292098
0.001055555224027076 0.0013583766858434188 0.0007495394674100701
6.237970318372583e-10 1.0330835866547091e-09 8.998626580362013e-10
0.0 0.0 0.0
0.002330960709248825 0.002747010691173031 0.0024549047140343563
0.0022220360085629634 0.0027023631385803674 0.0024536063939904203
0.0028895120837901097 0.0034725242143681992 0.0032646768450002635
0.0022305618868944392 0.0027257944199123325 0.0024822576536435896
1.497173521864829e-10 2.234735767271989e-10 2.013383019510112e-10
0.0 0.0 0.0
0.00224548766996769 0.0031777541276524265 0.0028911827236972262
0.0021004559040379285 0.0030853670794390078 0.002839637883557068
0.0027468846590932993 0.004052474395485472 0.0037738071726500667
0.002462283148182668 0.0036895399963284437 0.0033693181582389606
0.00346340324599862 0.004248238348944039 0.004084071927837879
9.635875924201087e-11 1.2715014508219448e-10 1.2255692541157852e-10
0.003910785446138868 0.005292153757446269 0.0050512767378908694
0.004866413816469292 0.0059652956103357704 0.0058185990377720796
0.004116625004552849 0.0052018462834478255 0.005017348967146741
0.0 0.0 0.0
0.0027494402103151435 0.0034648842441347225 0.003271269431221236
0.0030574342754887567 0.004207713293038839 0.003962074030739601
0.002468019039853164 0.003211886833421637 0.002963774890724495
0.002890409359964992 0.0037515713242710904 0.003530306137653325
3.307409377225885e-10 4.477159453876171e-10 4.269738259564982e-10
0.005917024728778152 0.0075389866540030905 0.007331661579840241
0.005373548982981494 0.008677627005718362 0.008195020837471636
0.004546250720622344 0.0062748806940869425 0.006007426043180386
0.005205693550235421 0.007115843711440811 0.006852952641326656
0.00401982020326475 0.006482055726216786 0.006055211712699047
0.0037729629536111713 0.004652730609447648 0.004580043396245682
0.0030240890995711276 0.004828652064267287 0.00448816966018687
0.0028263942033752375 0.0069040254370327046 0.006024157836445705
5.011664826332612e-10 6.485078415947471e-10 6.324553912256721e-10
0.0 0.0 0.0
0.00795762844224967 0.009842750847086626 0.009659946781757545
0.007007694330127725 0.01053178445276278 0.010082812951783152
0.010673121173284717 0.013649795559913098 0.013419860071413603
0.009436269553016591 0.012178908228805659 0.011925612981613248
0.013056727850048093 0.017401939753689637 0.01697716881804361
0.008097984458789504 0.012602785885171545 0.012082133499100051
0.015832806086540325 0.020541468989128467 0.020280227627089288
0.019652105845085432 0.027507155113661173 0.02685405024448362
0.00043987812613550595 0.0021384025137208026 0.0012725768122585717
0.0005814339501484854 0.0029516456154198923 0.0019267856168086047
0.0006879987562427404 0.003556511715502084 0.001736387840644995
0.0007602578885996665 0.004146199635728294 0.0017098279998967701
0.0007116482563052028 0.0036093707820268285 0.002620129310571655
0.0008469998162446068 0.005015928088018072 0.003979964698113085
0.0007288555716171848 0.003975931371101459 0.003013596205718705
0.0007557606936038294 0.004018787321080748 0.002995087045372416
0.0005446007816338877 0.002533148411542536 0.0015435012785649709
0.0006667296548492224 0.0032594534827855683 0.0021975547301744092
0.0006198478732936843 0.003111376280692795 0.0021043424113200114
0.0006332730073575116 0.0030787202781884346 0.001939267426235356
0.0005640108394133012 0.003096609235640529 0.0015003206158505276
0.0006940057966904428 0.003128603231810323 0.0019756330859201122
0.0007670814421991741 0.0035886365061968857 0.0017669883770585072
0.0005108506487440603 0.002620360265244988 0.0014905093369775094
0.0012602000477475847 0.008058493139859072 0.00666843336215291
0.0019778258510210344 0.013204438981919461 0.01108762969301605
0.0013677158329762822 0.008910164953744864 0.007398809865490968
0.0012665216574566048 0.008067975952099125 0.006659381624998444
0.0031853743133218033 0.021802201263269826 0.01844311006919593
0.0027702263049979017 0.019216627651587253 0.01655456781556533
0.0034512209596089982 0.024187958144939025 0.020488957585223736
0.002770065842968025 0.019061432817798003 0.01613831614199086
0.0013544322641415724 0.009003029725687752 0.007439525579322321
0.0018357458390158466 0.012456959071164873 0.010495898110418568
0.0018898118906939974 0.012800085589164291 0.010744661250379298
0.0024024563095087392 0.01632845934584804 0.013736168831305927
0.0011934081884601851 0.008175148168197876 0.006658628913209862
0.0014425759201713226 0.009407788177752726 0.0079321740287177
0.0012648655865747961 0.008591144692138604 0.007071632076636162
0.0011232262450052597 0.00783024641634782 0.006327117731634952
0.0007228077050185078 0.0034559415195835786 0.0023414673882347177
0.0005973139066614804 0.002789284628483087 0.0015643902781458338
0.0006572276749028789 0.003182779839307428 0.001999129712378009
0.0006933000513862702 0.0035042662389343773 0.002350543247491603
0.0007702982401461704 0.004235714787124492 0.0031631250727054425
0.0008948387763469052 0.006030395599086805 0.0046725265091953246
0.0008757078945034631 0.005456731237988464 0.004253393514721586
0.0009642564141040946 0.005858759949083125 0.004700691458263973
0.0007799109026387851 0.003833320017600377 0.002762920274155696
0.000930281667720257 0.005412637121765861 0.004251528287342327
0.0008153453714489391 0.00448851883067526 0.003384513411461641
0.0007767063949761736 0.0038619972328366218 0.0028227266252537466
0.0007298327700904221 0.004008422539256562 0.0030272939147390526
0.0009502578977330887 0.005835256414799972 0.004681364276651064
0.0009072501198654141 0.005243051174820974 0.004150254505551694
0.0009353256672206149 0.00567927293304998 0.0045765443018522325
0.00044233133959450954 0.002443488403107315 0.0014294600882789616
0.0007106183208598924 0.003283507561392608 0.0020466279599437743
0.00070078318877262 0.003107440765068215 0.0016986728793469661
0.0005460277128914574 0.002662825051504225 0.0015104376597919157
0.0007967814264738834 0.004010754046937199 0.002904954271215708
0.002251058981762913 0.02991005557884071 0.01970582579684483
0.0008034936564603284 0.004573368673130335 0.003390474739197512
0.0009667181136898421 0.007378723214740157 0.004969525344768391
0.0005961040843834301 0.002960971727754247 0.001667758577636197
0.0007595351500034367 0.0034393753223749073 0.0022771387473443302
0.0006667495266512694 0.003121337851800235 0.0019594415612653377
0.0006965604982895736 0.003289522385275246 0.0021941933907882226
0.000673704483278162 0.0031068494060694793 0.0015380206993069537
0.0005482801236492666 0.00245799824615029 0.0015997311390818399
0.0005682140140398981 0.002618961043753841 0.0014668326193212158
0.00060043899791534 0.0032653420269186306 0.0014085697928074455
0.0007240557250456922 0.00400351347337025 0.003062062707748904
0.0009452796853185021 0.005704068667729851 0.004616892467325764
0.0008688653528782232 0.005049806732278682 0.004026521057554428
0.0008468960208187693 0.005056497253865496 0.004095668727181743
0.000582360301520798 0.002899485223197154 0.0020199532790930426
0.00043724019731749875 0.002311499053323492 0.001470515566052516
0.0005377988232007289 0.0027273803532436715 0.0018331036251389642
0.0005389929707892528 0.0027453844079930656 0.0019521074681808736
0.0006129663878087337 0.0031276060256059672 0.0023424157278420653
0.0007974015340160055 0.00463268810498231 0.0037018307557193366
0.0006823763027824594 0.003829232848879802 0.002956131549257295
0.0006602067207465596 0.0034586646580374724 0.002577861085184858
0.000658330619416441 0.003676332564920429 0.002852798425020618
0.0008405210722718763 0.005003061082271714 0.004055328958568641
0.0007508673669796001 0.004377572225461834 0.0035181331867069235
0.000746357744997318 0.004429709664775095 0.003594828200496683
0.002454762926997052 0.016438175907644247 0.013895190732589848
0.001438548915943284 0.009318296400587211 0.007763528691522725
0.0019142176892423747 0.012677594529310516 0.01068573207953612
0.0022973801217292407 0.015314873222229991 0.01296346090186444
0.004009896048006083 0.027348825303731873 0.023328011531397453
0.006317279206437798 0.04419993933362412 0.03761147041545996
0.007687943736235658 0.053050452218323475 0.04522022773357721
0.006835825721147655 0.04704034423414472 0.04022363695049721
0.003256273637892389 0.02190642803443014 0.018664451966448288
0.00464437833159384 0.03181031755463791 0.02719905993000348
0.003919409353809311 0.02662285014816207 0.022670941209231833
0.0030158140047248584 0.0205299996207032 0.01746285555878226
0.0038180610602332674 0.02573849667455065 0.021956419757082592
0.004856756624490508 0.033203010196942474 0.02872948949683749
0.0036656717926035285 0.02512963166070137 0.02177254353390832
0.003791217573520563 0.025887708399271066 0.02245853286778243
0.0009694115733820027 0.006022445128310614 0.004984542537952766
0.0014574123494809066 0.009476642362660903 0.008008738222970447
0.001085275444436108 0.006834239596850366 0.005694940078903441
0.0010990580806189865 0.006859804560509307 0.005688972666571539
0.002322551922792255 0.015394394413898064 0.01313977442610238
0.0022290043933505675 0.015260626182733996 0.013600989639148643
0.0030930998060758772 0.020709538394238135 0.017676017045794367
0.0025807899495265537 0.017190466588412664 0.014637948567312343
0.0012496575089483287 0.007945243525277612 0.006622264133526602
0.001983036920809763 0.013079591530195394 0.011059948288122992
0.0016862015481233404 0.011031716772777287 0.00929713924026314
0.0017119889216390435 0.011260358196130069 0.009531960136351464
0.0011352518730651257 0.007198009412058241 0.005962087633350817
0.0017485791381272528 0.011496766771882543 0.009692551447913452
0.0013744480924802278 0.008806222658196184 0.007348353804091955
0.0011616580827733757 0.007366236285295424 0.006091139090362725
0.0014868295836211818 0.009677425097903144 0.008213085917122307
0.0010291593424044982 0.006459365189230303 0.005389503667619385
0.0013046394529325322 0.008418636116654084 0.0070969924807554735
0.0012560616802908273 0.00810469659562759 0.006859641902215934
0.0023673734078496806 0.015762412917878364 0.01351021495270331
0.0017438230936431287 0.01211225387525964 0.010939205175231514
0.0026134386205240935 0.017674248584186134 0.015370115933170002
0.0011232238029894935 0.007560605704769086 0.006816150984272699
0.001445394733213065 0.009467891107482711 0.008104056010093905
0.0015315270855813207 0.010210188940989809 0.008907345455394991
0.0019716120592146646 0.01303724991930469 0.01118318340315801
0.001979805904737879 0.013077842243330388 0.011171129748427789
0.0013829605279886237 0.009061030581678373 0.007771491552518077
0.0009559092309897639 0.006360768740841302 0.005628195613551783
0.0011902400286875718 0.007865866023263121 0.006841256744200989
0.0007791902695061387 0.005094315628523185 0.0045105670237088535
0.0020298330402948937 0.0012790869070076125 0.002198233438505028
0.0014700533738839618 0.0008462343483295002 0.0014716822344739853
0.0017476014465399958 0.001066617622539009 0.0018263743966612889
0.0019037707203572887 0.0011999835207294905 0.0020395096811065177
0.001464877830559405 0.000623894382870416 0.0011264940243083642
0.0012528384975878544 0.0004910101250602289 0.0009539285086094265
0.0013763989293540896 0.0005724540550526143 0.0010461833895084964
0.001450462549786014 0.0006029032009539524 0.0010694901186758285
0.0015760574126835525 0.0007195832141809598 0.0012269273927369346
0.00160792947037999 0.0009876317702161577 0.0016644849085968951
0.0013828545896649158 0.0008035940599025346 0.0013755460594314232
0.001659589944343262 0.0007408398773156146 0.0012777675980226923
0.0016653405343733938 0.0007669551970003723 0.001276515272938187
0.0017171729630824327 0.0010929688701400463 0.0018343329937789367
0.001878130403945411 0.0009530012242114427 0.0015751481334233591
0.001979526220979448 0.0009891866074806714 0.0016123284518175665
0.0068175852367671945 0.00794120210973197 0.013611829035399172
0.00811491400865371 0.0061645232561032106 0.01104642650776558
0.007735130364946738 0.009221209509999094 0.015784528950711644
0.5086648627704662 0.5177235319733885 0.5293413864824796
0.5057951897080786 0.503672417314234 0.5065324947028015
0.5031331342682492 0.5020633032771932 0.5036146188836896
0.5045106318927101 0.5027973252862138 0.5048932742592156
0.504960847574275 0.5032382255684187 0.5056861640472378
0.5053147346945815 0.5039221317415249 0.5068380852309629
0.5069092833667103 0.5076831881801117 0.5131598656995471
0.5062053722096955 0.5049829784044262 0.5087175080799193
0.5071221697634762 0.504972918391277 0.508891565738985
0.5053221617109288 0.5044712662627566 0.5077122168831417
0.0052690565070937475 0.006705856946085451 0.011341002400199161
0.004830967603896409 0.005552829009795918 0.009386684566135436
0.006542656867700165 0.012786658315795464 0.021347001292143446
0.002276299215780147 0.0012755061558322044 0.0020984558979142785
0.0030274898048329446 0.0018723838283811545 0.0031381194498812178
0.0021667183137176007 0.001510580416263926 0.002539426877907443
0.002608086338432429 0.0014364449863070693 0.002398701148160461
0.003627135369958339 0.002808314853130364 0.004739591580519128
0.004271136185516396 0.004915704040471585 0.008268977190377074
0.0043307398331419444 0.0036054408468609365 0.0061450122981784785
0.004470461347858381 0.003420464728728852 0.005868657126965335
0.0023781054058174982 0.0016428263765323281 0.0027889061185287297
0.0039404663882105255 0.0026450949679821456 0.004534857136269543
0.0034846696991108024 0.0022454653536110175 0.003811828465691799
0.0034510635597025307 0.0023305846665364178 0.003935574538587692
0.0023094518026955135 0.0015266584093825276 0.0026018921929335794
0.00401441689708325 0.0025035381640015385 0.00432638638279997
0.0027802644692555387 0.0018920930432617805 0.0032699630567630967
0.0026119113941284154 0.0017064256883056264 0.002958283578559839
0.0029316625206535826 0.001971858660336921 0.0032781902721810323
0.0023705010966500874 0.0013423589432167884 0.002200779835183621
0.0026158742575280243 0.001667889180478626 0.0027466411256527315
0.0026270872293610564 0.0017461664374058214 0.0028664767407771416
0.00446584899111796 0.007278175107208494 0.01238688976170426
0.0036898819728023815 0.003156459081410721 0.005311429016526093
0.0036432948176104945 0.003935230210756864 0.006601837789492805
0.0028771556376294104 0.003063055399952404 0.005090999302257478
0.0027836443587771196 0.0021907963035935913 0.00360400688741747
0.0031781739296437997 0.00345264996799746 0.005752308710668268
0.0031629200781018944 0.002769782866865862 0.004596610811045099
0.003232724099018487 0.002544607569711593 0.004247041791237466
0.0027091957088293006 0.0022045620254998516 0.0036224091150342318
0.002638294845168683 0.0027176496758966736 0.004520724965860263
0.0027168207932117827 0.0028313407844870585 0.004672102499071987
0.0021897860338389434 0.002000212847927128 0.003278265136793745
0.0009684721532750182 0.00039827618852652716 0.0007002877818515018
0.0014354495582666413 0.0005989543098958107 0.0011314501635056036
0.001380497537661868 0.0005331568738247007 0.0010954190369207551
0.0011207935706780642 0.000441833100821093 0.0008577794243365508
0.0013647574794539176 0.0007607173589997425 0.0013415679887181003
0.0018327054081925943 0.0011249407276404096 0.0019453037150443631
0.0015103913841064832 0.0008704502174177599 0.0015277330846152936
0.0014255557727847618 0.0007910185673467121 0.0014201112077604288
0.0012457736921840793 0.0005481247740422299 0.0011738861598437687
0.0013032015929716348 0.0006607345465754966 0.0012579143138875513
0.0012555535013888607 0.0006443031796309264 0.0011943478422350561
0.0012437357917311311 0.0006079926512177614 0.0011864300759311351
0.0014025507409733352 0.0005163959851166376 0.0011215443559127118
0.0012810518557948654 0.0006198095838233274 0.0012310639805263683
0.0012311379034265846 0.0005516660299874246 0.0011864854896578671
0.0011885926674026774 0.00045591816635263054 0.0009280791064619491
0.003358909789094366 0.0018679734964819916 0.003250206687736979
0.005770224156010986 0.003386852384172548 0.006095072193937487
0.0035568732214976036 0.0023047914997091717 0.004092237835224968
0.0032366201287927017 0.0020509705701297915 0.003660873248538981
0.008432033279497668 0.005631873129969354 0.010250707913018157
0.00698831962309618 0.006147590036904474 0.010930636191581479
0.0063714292742630615 0.004799013291122889 0.0085655963617811
0.04278634399318065 0.024262655516819893 0.0500922591556237
0.004408028732199936 0.0024731306177247997 0.004449378205631227
0.007102814111928309 0.004164534684233217 0.007716822550418283
0.005901793609448553 0.00346037951014428 0.006300440578749653
0.0062058549028303255 0.0038117224170815048 0.006900958553294598
0.003445527459539698 0.002145945777054771 0.0038855807965977335
0.0037199535011546822 0.0022117001267721514 0.003891042228318738
0.004091985593062171 0.0022774142916861823 0.0041003590463788665
0.0024362721179545382 0.0015988324580483585 0.002878292604245367
0.0012918317139747925 0.0006488298384428883 0.0012594749015350283
0.0014956035268695966 0.0005605765814209955 0.0012207522526720771
0.0012637322094505416 0.0006074144724860484 0.0012154850298858656
0.0013050891682427645 0.0006556214845986939 0.0012576601588274747
0.0019576490609574553 0.0012154577046852796 0.002204546960606079
0.0014124990620873737 0.0008169254726592239 0.0014801779345359769
0.0019927150262999457 0.0012042670560071713 0.0021878615275695403
0.002096881807192879 0.0013091813703468374 0.0023169687239513125
0.0014232369277962708 0.0007890550261688026 0.0014268213300414208
0.0019920430442690673 0.0011997101971942805 0.002132813131674709
0.0015180759168837822 0.0008693482480605324 0.0015574873085281802
0.001335339735250874 0.0007441965933292924 0.0013542627724040645
0.0015388128314758284 0.0008840263287002377 0.001570876157561117
0.002169431192948653 0.001345504968040019 0.0023706215087780265
0.0019483390489597543 0.0011905663540466567 0.0020883378551063946
0.002086359014601793 0.001298638919029854 0.00225757487644574
0.0010257601409502325 0.00045610368514258196 0.0009623216004132063
0.0012120180991373902 0.0005823163007052288 0.0011691348354101812
0.001396731391079124 0.0005256845837388875 0.0011268498375283486
0.0015624385079364073 0.0005489566824957549 0.0013132567006513601
0.001251068302589744 0.0006968598242014971 0.0012826218265806974
0.0011519608763927765 0.0007536889672784714 0.0013059978164835357
0.001113050265444226 0.0006698158488521744 0.001193410460822845
0.00095487291793136 0.0005444058698834723 0.0009901849183609908
0.0011284089918075352 0.0004937143085084102 0.0010839617600277385
0.0010610624948319566 0.0005350479857359418 0.0010519998502279296
0.0010925808012727494 0.0005295829001324881 0.0010616566600682052
0.001134068345530579 0.0005761191305014854 0.001109689792993321
0.0012083942829086293 0.0004393704973564871 0.0009687289883068469
0.0009901968053063796 0.0004723797673896008 0.0009685923009289949
0.0009579083004719763 0.00041894949891107955 0.0008927761086512731
0.0012727026163899776 0.00040571803974767234 0.0009521590980845585
0.0011048430425167055 0.000706294759639016 0.0012710440079523515
0.001956950396559769 0.0011511288925134795 0.0021267700369197004
0.0014817633080691146 0.0008855587249942574 0.0016383937242386206
0.001176614622367855 0.0007392235866231258 0.0013509611708238194
0.002541314467584342 0.0014397839938622148 0.002649335325394527
0.002650694234577774 0.001482119863005399 0.00269368128564868
0.0026336042602393933 0.001475169354305783 0.00271432123863326
0.0024722345117661644 0.0013961895913953556 0.0025798261739753926
0.0015770997160573907 0.0009155648442011062 0.0017286699728862615
0.0020551624742173994 0.0011952664485203406 0.0022119223374413785
0.0020473596816203365 0.0011715072052311912 0.0021877889261135213
0.002113942882934285 0.0012151455038166077 0.0022517641643519646
0.0012699850643604232 0.0007549250184092243 0.0014267915740089835
0.0019348871071016424 0.0011146275139537517 0.0020900749856859694
0.001974763685463722 0.0010376219692677655 0.0020824227887419537
0.0011693941337375287 0.0007151809553933994 0.001330285073466201
0.0027999276411657926 0.001519120520807001 0.0027248219352865
0.0025915830919373993 0.0013763679710561206 0.0024032166036844793
0.002715749291076102 0.0014683406535308063 0.0026206193851608583
0.00267850613734839 0.0014448847981176276 0.0025987618307337108
0.0023896740038379335 0.0012238565311785059 0.002062743306435737
0.0022045548360341474 0.001080351558843072 0.0018158492158655292
0.0024784861817789324 0.0012284497800578282 0.0021010614544533105
0.002378775301369616 0.001208518552409158 0.0020920479378704624
0.0026459942169237472 0.0014159889431267314 0.002540634506960612
0.002520320423282873 0.0012790032864133255 0.0022632331001964964
0.002654970899714273 0.0013645419941868326 0.0024232432423996965
0.002582246562243114 0.001340903492493553 0.0023428933175864784
0.0027057330626658843 0.0014444168183896358 0.0026451551224173793
0.002428654379187818 0.0012800686534046998 0.0022793374917351606
0.0027619405895848172 0.001421503013349187 0.002631412828003557
0.0027921291284214085 0.0014407009988787905 0.002698262223928709
0.0021422758532736994 0.0012202631676300373 0.0022954058826011353
0.0014873850352614913 0.0008753389087291262 0.001658465828115912
0.0020156271775857307 0.0011609133698428852 0.0021830122357126116
0.002134340168524279 0.0012338307917025629 0.0023039232435890103
0.002506662184204927 0.0013845219078240446 0.0025871465800607245
0.0030885901370072944 0.0016005702938630118 0.0030781598608979168
0.002615372110885787 0.0014419896262769915 0.0026601842988253255
0.0027197154238570633 0.0014683112688972002 0.00269763746274506
0.002409308642382336 0.0013660209396581164 0.002521303823871864
0.0027460980397519125 0.0015135526934240966 0.0027853287007177804
0.002558199730501528 0.0014317205282785934 0.002651575048113162
0.0024346222422242402 0.0013666358616636588 0.002546795145041933
0.0026354195234225123 0.001485821565480118 0.002743137229350208
0.002833479141593389 0.0015412743252463139 0.0028101547409071295
0.0027390582004637974 0.0015047970248288256 0.00274821893569024
0.002751635101083065 0.001514909161622758 0.0027506798106645193
0.0014025523461095935 0.0007768519252632462 0.0015653318659011935
0.0019433671237859857 0.001105241911533897 0.0021019450703992676
0.0014700011687887268 0.0008511354066784686 0.0016284873406946531
0.0012600494238839918 0.0007060205837319056 0.0013993600773203813
0.002323336172858563 0.0013099072487681165 0.0024375658419029393
0.00234383340406699 0.0013050918025706982 0.0023796147976865166
0.002407780353888241 0.001337346174462321 0.00250314664976797
0.0021039737938429383 0.0011935741368329833 0.002212796056100213
0.001559406011500961 0.0008910915309438285 0.0017305202783066155
0.001969775728508912 0.0011269467277332937 0.0021254940287390198
0.001882710730035926 0.0010762452432208258 0.0020426728822419025
0.001959244176090827 0.0011255575085753085 0.0021152966591229823
0.0010157185942846418 0.000627843139987424 0.0011837900079585523
0.0017922687083254598 0.0010249272676351373 0.0019657919731470557
0.0012954249343160426 0.0007605360500844698 0.0014738045330153252
0.0010594424528145993 0.0006067103812826505 0.0011881672017356809
0.0026481335537747877 0.0014870749649566483 0.002723027905165908
0.002763521433364882 0.0015384289884446708 0.0027782064933411714
0.002721614010710562 0.0015289155570104805 0.002773429673474151
0.002680825844637324 0.001499041534847421 0.002701036882056778
0.002159413141481689 0.0012564278074265927 0.0023142561218911684
0.0014375800159958452 0.0008737055071400639 0.0015908524383450764
0.0018170891707169337 0.001086974924649445 0.0019811909150932454
0.0020836354234534 0.0012223175054941141 0.0022370103192067554
0.002337179667553352 0.0013562573754957745 0.002469667642671336
0.002633067600865298 0.0014864590400147477 0.0026836631172934347
0.0024611848670061404 0.0014189164703777657 0.002577661191078154
0.0024622831535295346 0.0014122430069573545 0.0025840653361989055
0.002380375562586094 0.0013736984685453354 0.0024893610443055044
0.0025793755688488934 0.0014514817264983297 0.002600828644643324
0.002638053518016574 0.0015015872561647528 0.0027079375002423307
0.002562851095562336 0.001460504573749845 0.0026178088670501974
0.002609954145451622 0.0013781779774681303 0.002382235708468925
0.0027675426665067556 0.0015123428570454488 0.002689807000052102
0.002600905362175848 0.0013858786223235392 0.0024065513650905483
0.002563423397687465 0.0013602376180902134 0.0023329046755613367
0.002385810864009485 0.0012075739165768808 0.002023361191360741
0.0019290582501003436 0.000964858167988248 0.0015816453941009194
0.002264680252190912 0.001124775393428208 0.0018422428285304322
0.0020452885118248444 0.0010542347153671976 0.0016944780992326322
0.0025400150745127363 0.0013031044804265297 0.00217390941096351
0.0022329416382310258 0.001131600985450053 0.0018132473629637296
0.002359373201512999 0.0012249822600295078 0.002029955270583774
0.0024776432324633813 0.0012787220679482299 0.002152902258864096
0.002563202832719077 0.0013133407410888629 0.0021265691923191715
0.002190007140838455 0.0011213679365463802 0.0017356333488028248
0.0026714024854900442 0.0013344088613309554 0.00195931077935816
0.002125226390075743 0.0010942930309653504 0.0017016467193788438
0.0026072146876038316 0.0014532768910402003 0.002570617621362246
0.002559855426847514 0.0014063635790222807 0.0024281766997741364
0.0026728059544734277 0.0014698802313517128 0.0025963345748500843
0.0025999105846174113 0.001457401833430935 0.0025799529927969258
0.0024924629972760157 0.001309692739846001 0.0021753601975445518
0.00231329809260228 0.0012101686684025327 0.0019111294883391026
0.0024871784388312062 0.0012992673182319594 0.0021202128833721894
0.002462445722454779 0.0013243457219570605 0.0022086699930269943
0.0027249449798868153 0.001488623528709426 0.0026241193383667568
0.0026004543829800703 0.001403639817496951 0.0023870446753619426
0.002679553236338686 0.0014450546203274403 0.002493754073693127
0.0025225914621887025 0.0013795069874032327 0.002350395777323754
0.002829448700288002 0.0015451534345307734 0.0027547457006997776
0.002671853780240249 0.0014457415662125642 0.0025099866514304175
0.0027645947860607915 0.0014935523214488632 0.0026427779782421433
0.0026966579901393554 0.0014728520461618946 0.002617424798971631
0.0025173732428231425 0.0013864284374357188 0.002376781297839946
0.002575808988478202 0.0014422202915276633 0.0025410413768611902
0.002508627594978194 0.0013855811601676928 0.002396931384933368
0.0024269207353757425 0.0013362510175670755 0.002289631275948518
0.0023921308266111273 0.0012712052288014724 0.002059518610666129
0.008942405618211958 0.003753294836584691 0.002905564739440136
0.002273174739203722 0.001199892398605733 0.0018844327957942939
0.0024512566247049256 0.0012723739796660785 0.0018552874266392085
0.002335581965679536 0.0012807295559683343 0.002146915847696074
0.0025312104324622504 0.0013027716356471479 0.0019450304834529105
0.0022977019477174155 0.0012557209200089495 0.0020679880635844678
0.0023886420907033297 0.0013104772131524347 0.002182803656356429
0.002225456116478972 0.0012174891258897658 0.0020400827674113063
0.001999389166808422 0.001103913409359665 0.0017832753747089917
0.0021169184637020136 0.0011483235630665837 0.001876872235379515
0.002057720822759533 0.00111976782245107 0.0017687188403494672
0.0021822313487050065 0.001442145569152251 0.0003296541596638672
0.002160475860207529 0.0015443994222345873 0.00033586014487948807
0.0021325799925115507 0.0014518345308661288 0.00032651754550886206
0.002324121357778295 0.001543875326681331 0.0003539127809457449
0.0026754918479732657 0.0020781224673745284 0.000431687832022966
0.003924556166444646 0.003206503319095362 0.0006454636238456441
0.003244463259010165 0.0025841470975226377 0.0005288185268673964
0.0033140885714190572 0.002614849168887509 0.0005417746853620778
0.00235922906759042 0.0016240804886039867 0.0003654621906415271
0.002942429239290662 0.002236817456333869 0.0004723034584358327
0.002435326525224657 0.0017901407958698329 0.00038704080499948077
0.0023201125009913916 0.0017213853928018043 0.0003679647141156354
0.002260358397390459 0.0015714889929774028 0.0003477140273358713
0.002979216940700292 0.002210791704614413 0.00047421898654264634
0.002719838085005015 0.0018871010944993374 0.00041717939309362574
0.0022973503331078253 0.0016654219599848562 0.0003632566197347263
0.004610689361549866 0.0037882179854212116 0.0007549638074336951
0.005074871817934901 0.004284443131621097 0.0008513125387963355
0.004842918883513007 0.003977860531655091 0.0007939599406426845
0.004484112338040833 0.003716769850651862 0.0007462925351717026
0.004985642880181725 0.004415738333492285 0.0008686844043473627
0.004496733163943727 0.004007405527797593 0.0007814307181299326
0.004826822984746955 0.004233646265863342 0.0008335391037499872
0.004862363872370964 0.004198775207154592 0.0008306103584881328
0.004631676931164688 0.003876814669078308 0.0007778419233527636
0.004866307479268002 0.004203705611348836 0.0008382076337909953
0.00486664646831752 0.0041335259882861845 0.0008243391804958081
0.005123315499634021 0.004345886052625901 0.0008617414269929063
0.004468195283294334 0.003749081594162495 0.0007559655341338021
0.004600159849472132 0.00396440046975363 0.0007929291981528277
0.00444720138664185 0.0037796777466443804 0.0007604544381921578
0.004271760246103749 0.0035863494710172265 0.0007252081294912633
0.0029717227744954036 0.0023010929200651957 0.0004892736418128112
0.003186643587576556 0.002062169045350559 0.0004440727526296716
0.002799063429576955 0.0021211347653239845 0.0004584255487043185
0.003004583743995687 0.0023065063618001765 0.0004880035265378345
0.003916255526341681 0.003244531564837136 0.0006604485116585482
0.0035360650261308476 0.002875628453249374 0.0005940762122685925
0.003761441706380008 0.003107052924849888 0.0006355944402513881
0.00406540436282846 0.0033624637529732497 0.0006826965370115556
0.003295205237303122 0.002626474211751758 0.0005476701421310752
0.0038116494552344247 0.0031493396488952562 0.0006426743651677515
0.003517379877439735 0.002844056615982273 0.0005877109131577967
0.0032700781775123456 0.002609791648279742 0.0005445331865441542
0.0034292102911607334 0.0027699250577453405 0.0005691250591749246
0.0040548598094621935 0.0033482291124514803 0.0006786357935575936
0.00386762510559974 0.003165722339555556 0.0006434993163585066
0.004174529224110252 0.003427713218198167 0.0006895056211731659
0.0022918024008839657 0.0016780603507147171 0.00036707249356044417
0.0027123569643540536 0.002079189674692269 0.0004478544732170129
0.002565822987429482 0.0018658544737408765 0.0004085767225836556
0.0024900728978217573 0.0017520977831041364 0.0003730424544857919
0.0031082513591462503 0.002511863102428903 0.0005243584172232141
0.0037170846944556257 0.003076262948998331 0.0006296387392473922
0.003309926132868039 0.002690601994439211 0.0005576762994373828
0.0031978238915143916 0.0025811292091574966 0.0005376188346056147
0.00253759548380039 0.0018694211589557657 0.00041127782963605895
0.0028780643921023927 0.002271966510964934 0.0004806675579877809
0.0026668012411335987 0.0020589544059041714 0.0004422656293999296
0.002867998700968991 0.0022484270108116106 0.00047831693657101254
0.0022707800487728642 0.0016625316838951205 0.00036206940694407107
0.0025820317546310294 0.0020056779183726856 0.0004299200295060281
0.0038058594202778325 0.0024103798657731015 0.0005824442168823263
0.0022937266175971516 0.0016952914199221134 0.0003749051607341814
0.004161789510061713 0.003391872995722848 0.0006776920354069357
0.002862934949584416 0.0022617154731438315 0.0004592216758941662
0.003339210641310815 0.0027348643007213207 0.0005466571427135645
0.0027126093663501247 0.0022448251539801257 0.00044211317927584005
0.001530603745994916 0.0010855446906823654 0.00023816402910478203
0.0017756579299141855 0.0012179227827933956 0.000274741468761753
0.0016730820385887628 0.0011459299976647088 0.00025530490079844114
0.0017388746236417071 0.001253432342289116 0.0002685413804427244
0.0010218976053452237 0.0007408120251581078 0.00015836182219604322
0.0011669994004835764 0.000996233565597208 0.00019481403852484545
0.0011332403614006338 0.0008556767373647696 0.0001759765376515612
0.0016045624390720384 0.0012097428113409007 0.0002501086108791408
0.001232701911662543 0.0009691859766049269 0.00020073876471944033
0.0012599921955792435 0.0010736923897293415 0.00020098680045303133
0.000755208689346091 0.000654469332107319 0.00012041398676848404
0.0006310116892028854 0.0006532155235622262 0.00011949187215481241
0.0044757091506009185 0.004198785024347533 0.0007920446223328432
0.004946655354313966 0.004347499797682559 0.0008525015944187633
0.004669743625397837 0.004277379644542263 0.0008229218915499057
0.004554244933581328 0.0041691356529809705 0.000789252445076732
0.005189983947251745 0.004399132973668663 0.0008687842326331003
0.004926363813944738 0.004061942348978496 0.0008075519613230081
0.005264472480513921 0.004353744690217856 0.000861107314726073
0.005360791910495759 0.004492220095644139 0.0008832532534830274
0.005331719148330042 0.004639940392424877 0.0009037542700369358
0.004900864544288199 0.0044046926241328895 0.0008477531930917592
0.005140617637194951 0.0045663708096288684 0.0008852691652532068
0.005205655786783893 0.004548015667023567 0.0008888394031009024
0.005312570225825693 0.004646179167230369 0.0008999902590158419
0.004871058957520382 0.004578054311584138 0.000849002624818115
0.004951792888887857 0.004537113524582097 0.0008643193717141355
0.004714040385157741 0.00423980325441986 0.0008127842343551055
0.00157849253296557 0.0013372414048836462 0.0002481896463127707
0.005526619451825005 0.003673254165186829 0.0007036481934443322
0.00434039144224695 0.002491499902321393 0.0004671975594358455
0.0023460799883262854 0.001978883695782393 0.0003774222025296987
0.007033636730477353 0.004730373095198723 0.0009023468074500558
0.005060254432704422 0.004731265341251294 0.0008876235788456927
0.006105188027869685 0.0047798607956740236 0.0009152636861197978
0.00564234073179258 0.004678446022532441 0.0009072831816895122
0.0046215136150927925 0.0037681706562303014 0.0007348665338376729
0.0054967730635684985 0.004486665460383389 0.0008777541294461228
0.006637200577385697 0.004453099825215223 0.0008630577859830496
0.0061215016713893206 0.004554349327971575 0.0008793004195291275
0.005099553232065893 0.0038448773732121734 0.0007529152789362689
0.0057880432414801905 0.004420132440414848 0.0008664822233427792
0.004885046367754891 0.0040132783107408015 0.0007901645579580477
0.004705685651308656 0.0038129982753215236 0.0007582463862429213
0.007458975456310464 0.004476706839534229 0.0008512857171224192
0.00328612891799248 0.00274440600737907 0.0005393660805746568
0.011656562709036294 0.0038583705151774054 0.0006914850433099784
0.5730424066950176 0.028115957109925854 0.001286540718323744
0.004891357360148065 0.004977073422775974 0.0008899046907217079
0.00591937002007176 0.004714040727446672 0.0008993287577684871
0.005055228654712441 0.0045280138177811865 0.0008627110241687752
0.00502293333915718 0.004847004258757074 0.0008815514949733304
0.0056508425777932565 0.00435223762205271 0.0008396857789526671
0.004984262038956912 0.004598099172243111 0.0008507466145966473
0.005908904106069113 0.004633303159201198 0.0008796808520613365
0.005801439552005214 0.004659523847739595 0.0008915000540860507
0.005859677653226204 0.0043869200987308584 0.0008375502533639539
0.004856426208934497 0.004559586047680664 0.0008339402581361129
0.00481942043740527 0.004304462394867312 0.0008090313945626304
0.004565178023089857 0.003941409947170828 0.0007501917550944015
0.0 0.0 0.0
0.0006913431691103956 0.0004569372649679146 0.0005994824965058545
0.0004785109318035785 0.0003484529305743305 0.00039009939071665465
0.0005510849249559551 0.0003880039967394537 0.0004997885546221639
0.0009060694979197855 0.0005700792037907188 0.0008502769714925987
0.0006553166379645892 0.00046240803625984347 0.0005591025167177979
0.0006186721067982644 0.0004503604313239489 0.0005422733170151598
0.0006607121600295372 0.00045883288972537535 0.0005907802327051219
0.0006971333813516609 0.00047110052955993926 0.0006058328914812935
0.0005261265737769207 0.00036730457574614113 0.0003723474981540031
0.0005820631639508173 0.0003926958710560295 0.0004448210535251885
0.0005009270208034303 0.00034848830205573604 0.0003294737939871267
0.00046489554146403263 0.0003009368788011634 0.0003559051459252173
0.0006057599684591996 0.0004158516352382412 0.0003930289850024855
0.0006294404396153881 0.0004312391110581205 0.0004325664179810484
0.0006221642987472966 0.0004232418979284347 0.00041692126983127755
0.0006189602408590389 0.00041482346650624133 0.00039830584326391367
0.0006237669724568925 0.00045813769133223257 0.000415233810472303
0.0006198354239558905 0.00045192388010941695 0.000373303717174358
0.0006066623013013 0.0004516304187658915 0.00045876901355202207
0.0005921203423600221 0.0004477555501102215 0.0004662737551094273
0.000574094411034501 0.00044193369586521987 0.0003569527725531393
0.0005656436494709987 0.00043944804082845607 0.00038435764524954026
0.000601335607647785 0.00045055097542148493 0.00043082841078204235
0.0005760874088588327 0.0004285583931544362 0.0003855695996843243
0.000626021804632478 0.0004436751142491252 0.00048671838670019647
0.0006378570188960234 0.00046588118110110023 0.0005222318256246375
0.0006111390516928671 0.00043188736269426866 0.0004250661504892311
0.0006334197868140892 0.00044651390348301106 0.00040985531891644375
0.0005741771597818392 0.00040627655728474684 0.00046097621767083403
0.0007099910259128668 0.0004678621131847077 0.0005590519662016398
0.0006568282473802345 0.00045660472263395956 0.0004888546940189771
0.0006214601134806395 0.00043817189685054804 0.0004816633193599188
0.0 0.0 0.0
0.0009019312087423414 0.0005942429967643044 0.0009231937242845711
0.0005600976958592225 0.0003970687409682938 0.0005671785018496512
0.0006164863554327264 0.00043324915488575827 0.0006065308614806287
0.0005751874416504583 0.0004132803847399388 0.000553917214366832
0.00067465038684527 0.0004955011062434925 0.0006622937901006216
0.0006488959911713411 0.0004882588441242521 0.0006444324247068353
0.0006021739271808704 0.00043525990964477933 0.000596374993135767
0.0005374425288479733 0.00039862228737657805 0.0005237617994467857
0.00041100700361595147 0.0002978771332600215 0.000426752444628084
0.0005085596218634577 0.0003598804956193254 0.0005312045142675298
0.0004337436186938322 0.00029747451100982386 0.0004619592597941347
0.00021188192476845723 0.00015284609780392476 0.00022016957437647727
0.00047695742753403234 0.00035368706747818725 0.0004942071836589352
0.0004581504017733539 0.0003368377615684114 0.00047129207184440033
0.0003984328883390904 0.0002812485491474294 0.00041591733822025255
0.00043108676205314684 0.0003188734071274218 0.00044575422510878716
0.0005991725110143041 0.00047753050503190246 0.0005980896525958772
0.0005973964711851905 0.0004856998329416513 0.0005872191414549144
0.0 0.0 0.0
0.0005951141078623755 0.0004909842509720998 0.0006085270942145788
0.0005189933661363315 0.00041319311152886797 0.0005308472562813387
0.0006939479981599425 0.0006181538464631318 0.0006972716166465371
0.0006106722693224817 0.0005326468035793695 0.0006185268563528459
0.0005804733063111621 0.0004872788808339562 0.0005918701792131837
0.0006212753689009992 0.0005252534988106955 0.0006253529715853437
0.0005649218671042611 0.00042814705209517066 0.0005780603321595727
0.0004962679898962815 0.00037671137124604276 0.0005125195370190568
0.0006130176453014129 0.0004718964840857846 0.0006176568792298001
0.0005954424208161438 0.0004512191785984805 0.0005902305962946984
0.0007248462211934915 0.0004959012487529391 0.0007519609729762758
0.0004874012558431053 0.000368851490092159 0.0004952565993830285
0.000570117838135511 0.0004248502388544387 0.0005797437193869171
0.0005463483800222734 0.00040957945387637315 0.0005586752028251442
0.0006265926493229739 0.0005251362119623133 0.0004998969334820727
0.0006273099834538125 0.0005315074187575272 0.0005222340667245773
0.0006013824640351864 0.0004954796664958924 0.00042961255123698987
0.0005777916692615281 0.00046548132948194814 0.0003802219338351298
0.0005353483003541549 0.00043879765330195864 0.0003473879566264262
0.0006056245744785719 0.0005029560347307951 0.0004292924582367069
0.0006201649470396277 0.000509089653184352 0.0004606504723233934
0.0005756736413263635 0.0004700575127982693 0.0004032252039581431
4.7615245383156937e-11 4.3304470890451125e-11 4.362688541835864e-11
0.0006593446140810488 0.0005900714656492294 0.0006166313397041864
0.000638544261082191 0.0005556744859287397 0.0005714328395893425
0.0007018733149468598 0.0006479631250124508 0.0006939631320596978
0.0006817547702343896 0.0006328287340403494 0.000686812742491735
0.000806060465709114 0.000762135469610664 0.0007719790344530411
0.0008099560185690448 0.0007789849984846326 0.0007989122885087881
0.0007632816628938683 0.0007161616627749359 0.0007507430181806695
0.000669039921297219 0.0006051675650397901 0.0006297163656109961
0.0006203511677608104 0.000512188958512803 0.0004366819105971838
0.0005080310470386719 0.00041644737116953946 0.00031795633504360217
0.0 0.0 0.0
0.000848544541212503 0.0007440981592647444 0.000717461601285984
0.0009672060082758521 0.000873071742760866 0.0008634095024611688
0.0003630572932599692 0.000269561187815519 0.00016977100729129472
0.0006122853026981304 0.000497872023066582 0.000426383283363307
0.0007045540445840599 0.0006165844584813334 0.0005688710510581969
0.0005931542775011436 0.000493091137137082 0.0004199599627545355
0.0007677076559184065 0.0006806838106174741 0.0006647348062653182
0.0008918279873734564 0.000830013225064648 0.0008288039166725139
0.0 0.0 0.0
0.0006266666292927398 0.0005411772685631985 0.0004916198441645336
0.0005823285143077692 0.0004883126505804636 0.0004126083871739514
0.0006813920433212974 0.0006020081355948163 0.0006046585074960788
0.000677961338722083 0.0005760861919732715 0.0005640764415185135
0.0006635088752220435 0.000574521953123226 0.000545810702312317
0.0007367591389438021 0.0006576983960025803 0.000643312026439862
0.0006506319226228349 0.0005644035900320433 0.0006090511166064546
0.0006440962612216457 0.0005554677001451243 0.0005917167083584251
0.0 0.0 0.0
0.0006492363504647586 0.0005779762061980293 0.0006411676057584025
0.0006868163886870673 0.0006141891043491424 0.0006817644292388404
0.0005915737457892219 0.0004852238995651447 0.000576876720135268
0.0005973181267536503 0.000486572228457315 0.0005723873756611261
0.0006302605898345856 0.0005369334741102138 0.0006009950908259703
0.0006509624062035344 0.000567022989300471 0.0006346197325468908
0.0 0.0 0.0
0.0005964904216870205 0.0004891516760227426 0.0004870561906034469
0.0006152070201111114 0.0005122931481895504 0.0005252224458258752
0.0005936794780149237 0.00047066642780573947 0.00043180027265487603
0.0005767226524077714 0.00045543876446366263 0.00038993781274742495
0.000626067665256396 0.0004886430942507125 0.0005250283118313872
0.0005880223682902044 0.00044966132826452425 0.00046294105941293385
0.0005952590244827875 0.00047781717737557767 0.0004611352777232151
0.0005920757986405999 0.0004743611241777377 0.0004759143193589401
0.0006339834213173459 0.00048722118153026334 0.0006011976395209915
0.0006433178400542599 0.00048179820096074465 0.0006191937702393436
0.0 0.0 0.0
0.0006053028035473882 0.0004498840097819247 0.0005433283489429726
0.0006322524967303741 0.0004552463761456032 0.0005511396972908351
0.0005547845379741865 0.00040029168609911697 0.0005260571466232325
0.0006733531226643927 0.0004698371502981618 0.0006306506585982534
0.0006274876977126995 0.0004562839064226672 0.0005782167719659616
0.0006656993287556806 0.0004922647926768141 0.0006304603872716668
0.0005942323512376091 0.00045791203475011 0.0005251759720568062
0.0006020175106573543 0.00045906865479038617 0.0005136211833766184
0.0 0.0 0.0
0.0005912320684942566 0.000466148571730248 0.0005533217741387678
0.0006603319426000644 0.0005335048781056939 0.0006355263298281813
0.0005816402985782081 0.0004787964420669596 0.0005066574034155403
0.0006200600735278873 0.0005200536514323303 0.0005630002595273981
0.0006062284304132997 0.00048593135864377385 0.0005560917953189353
0.0005897623258418533 0.0004726607819913409 0.0005255753403559352
0.0005198228143479983 0.0003956804020330081 0.000288712478503863
0.0005043304954858267 0.00039779894034751995 0.00028296191560311555
0.0004757025431258242 0.0003326858011096792 0.0003113068074394739
0.0005423249535248902 0.00040415037780329146 0.00031754227788917026
0.0 0.0 0.0
0.0005116719128981505 0.00041198767011051005 0.00029993730072657007
0.0004541541157751455 0.0003651091642999102 0.0002580515234154552
0.000479258547053362 0.00039023190080746676 0.000279239552665179
0.0004379732567166807 0.00035418586832918674 0.00024070621275038034
0.0005492947623797761 0.00039870350238982525 0.0002375447284881918
0.0006016224150065684 0.00041213793735757614 0.00023735891020428777
5.3314137858744653e-11 3.957795700127808e-11 2.5516576756790793e-11
0.0004592086397603235 0.00038865920758271227 0.0002601924894463327
0.0004214523898453009 0.00031494745786498973 0.0001884093312664565
0.0008020037210444865 0.0005684924619521948 0.0003420433492530406
0.0008009215985670351 0.000572617848243017 0.000342649347180409
0.0004319761377746651 0.00032952849862501334 0.0001735324869041227
0.00042941395171903384 0.00034059109636048595 0.00018335023392296012
0.003231559024826555 0.0019177413634902448 0.0013797981617957936
0.0036747950170386685 0.002354622397108004 0.0017918105713037728
0.003510416260657938 0.0021783720565991672 0.001633896844974826
0.0029956861312299267 0.0019013959075911448 0.0014098893611338979
0.003176120587855146 0.002149234523505627 0.0015885147442742124
0.004219305094368458 0.0025873785830520923 0.0019377634086167306
0.003863027057342831 0.002332424266331654 0.001698547757309571
0.004395580987420582 0.0025001203737653895 0.0017694721709262708
0.003545982153033533 0.003813265215679925 0.003334828540984846
0.0033418444938423547 0.003564839237226242 0.003143750181242022
0.004748231773333181 0.005785883426515598 0.005476919459767807
0.00319314407566605 0.003908958521183743 0.003512841192221303
0.004975293034052553 0.006192571411151361 0.0058962352654022155
0.012318721853949981 0.013617355181817253 0.01343090798933363
0.003576913033285267 0.00399865728724019 0.0036113206017340253
0.003530465897170402 0.004357182637155142 0.004050940880982995
4.3140224483100885e-09 5.322376287928432e-09 5.323616019749888e-09
0.001408688182227251 0.001644749748075309 0.0014930202933652523
0.002098624572121881 0.0024467911513253175 0.0023118815203205067
0.0 0.0 0.0
0.0023994284678883647 0.0028209316054809267 0.0026975922296751035
0.0030749961296901965 0.003618133615282376 0.0035234316591643833
0.0 0.0 0.0
0.0028515408148686045 0.003306663308876042 0.003209205473602187
0.002072963300872437 0.002412219575566836 0.0023186982460928264
0.003424860007098965 0.00401364785593643 0.003938376338183899
0.00264434026257362 0.00304118138212557 0.002971562445834806
0.0 0.0 0.0
0.007531134598572271 0.009099045147522243 0.009000101186727335
0.006680629384825107 0.007730333818019663 0.007676428729301414
0.0 0.0 0.0
0.00940720353122594 0.013409919969502535 0.013040544669536214
0.00934999719904301 0.011431203066275073 0.011332158740464187
0.004827933873873102 0.005442694339607089 0.0053964571286288215
0.0 0.0 0.0
0.005775653412679801 0.006640318240076537 0.006586253398257592
0.0 0.0 0.0
0.0028170224277936093 0.0032222001329661083 0.003165466743740847
0.003751279850441954 0.00435656084788867 0.004287855213635669
0.0 0.0 0.0
0.0 0.0 0.0
0.0 0.0 0.0
0.004399257120455324 0.00489040795632592 0.004836712135605899
0.00636643567709566 0.006987976892542475 0.006972483588352901
0.007599318639319016 0.008391074463837222 0.008372245889173725
0.007600811463970078 0.008570574303156097 0.008534104671485203
0.0 0.0 0.0
0.01750231245687109 0.01963544010797056 0.01964541345197023
0.02001224224243528 0.02328605137290092 0.023543604531906348
0.01246796618149537 0.01395077771058346 0.0139384332613845
0.012804785877927449 0.013933468863404684 0.014000549974195909
0.0031420702229294005 0.0034317052498412087 0.0034603871488925377
0.003137174913555661 0.0034872947829785567 0.003487879779296174
0.0 0.0 0.0
0.0054225776614475535 0.005930506279673942 0.005941898593683406
0.004131682169459834 0.004506664307157256 0.004479234883351769
0.0 0.0 0.0
0.0041206071754725645 0.004439279030622626 0.004467071700898281
0.005918547715444336 0.006337502295807236 0.006366374433917097
0.0028717473449667006 0.003085459350680623 0.0031280622387486524
0.002711117901564263 0.0028817552022006687 0.0029315254529087287
0.0 0.0 0.0
3.179046694643074e-10 3.281941305149706e-10 3.338963970087292e-10
0.0016012658263554183 0.0016509055795198649 0.0016792832844286488
0.0018079533446004315 0.0018728445068898196 0.0019043734612056438
1.1305948092590523e-10 1.1574913439713978e-10 1.1884709447062942e-10
0.0019428707863273673 0.00201543558399898 0.0020578076013245757
0.002149729337518731 0.002216374313172711 0.0022723955818788814
4.4579875926477695e-11 4.581581661660258e-11 4.703688756422923e-11
0.001255302393527285 0.0012759718048279442 0.0013113732133219734
0.0011436103058100598 0.0011708172029133437 0.001209551056855591
0.001546630104551385 0.0015961980891376242 0.001629835449439517
0.001531823165947182 0.001584924837658143 0.0016247243138258192
0.0 0.0 0.0
0.0 0.0 0.0
1.0266030630290633e-10 1.0466445359054877e-10 1.0742899995612957e-10
0.0027485663295126225 0.0027997114259277725 0.002874742542226318
0.0024772919657930167 0.0025155398449074997 0.002603830124804551
0.0 0.0 0.0
0.0023368648862770983 0.002358247852875724 0.0024613530465207117
0.0018275643364423354 0.0018257889010232931 0.00195475451487326
0.001513597530018122 0.0015217437358381863 0.0016022897914270947
0.0011468096440168446 0.001145798743062696 0.0012400921073544985
0.0 0.0 0.0
0.002157433301729621 0.0021758430068324897 0.002271303561238683
0.0017977481911733957 0.0017991429384101758 0.0019151640747577163
1.4424212788705536e-10 1.4410364733111083e-10 1.5221324990639915e-10
0.0009536425152241687 0.000946788775347252 0.000994223002873659
0.0010027372150652294 0.0009996383466623073 0.00105388709410552
3.974825402584623e-11 3.948403532136068e-11 4.202912983194908e-11
0.0010856889367935562 0.0010733181884494607 0.0011435317570949535
0.000964070149352041 0.0009496391878728921 0.0010247120589317407
2.9209293082059865e-11 2.8385377971769882e-11 3.0507749924283e-11
0.0008715606394157597 0.0008358267363490975 0.0009028159726094008
0.0007568731852675775 0.000720065571801288 0.0007915350418853458
0.0009872623207107772 0.0009745019615426912 0.0010318813925718395
0.0009066455607576484 0.0008871889700460314 0.0009544103776219772
3.9167520134362904e-11 3.928531935145631e-11 4.092540257500126e-11
0.0011947950310301444 0.0012109767943443465 0.0012532821748909946
0.00130840069472438 0.0013239599732293738 0.0013752787042687663
0.0013428464466021036 0.0013515286744511612 0.0014195512298259454
0.001261361679164108 0.001259188822253522 0.001338726905861877
0.002166024234138226 0.002215716641367198 0.0022763303375530957
0.0018739954742234045 0.0019182931673891802 0.0019840500244351516
0.0013750047962467196 0.0013985212616709189 0.0014555215477831287
0.0015142272150919273 0.0015360444650362075 0.0015980554225187703
0.0 0.0 0.0
0.0006717101452304034 0.0006253947626810196 0.0007052813356055017
0.0006292222543414248 0.0005859161989856467 0.0006653361302898721
0.0 0.0 0.0
0.0005283712978723685 0.00047614153867555996 0.0005664104751144655
0.0003592810722478111 0.00032071284191993564 0.00039629869118741915
0.0 0.0 0.0
0.0007680396946551562 0.000742078588439631 0.0008222801330280643
0.0006263015137471828 0.0006019854282820113 0.0006809235660589468
0.0008514065649444896 0.0008088429364928655 0.0008919145440501402
0.0005635310568971486 0.000520800786364947 0.0006066416583375419
0.0 0.0 0.0
0.0 0.0 0.0
0.0007061181037358942 0.0006870698531314537 0.0007671281501570513
0.00044930098191920396 0.000457204748305748 0.0005060609243552392
0.00034098442027119525 0.00033828535471305647 0.00039393867003190315
0.00023247012273401848 0.00023222854169978305 0.00027460885010212343
0.0 0.0 0.0
0.0014002886625496453 0.0013781172159384096 0.0014831227251199583
0.0008387035665087784 0.0008328972967034373 0.0009179076988744152
0.0006518948126309909 0.0006055298987976899 0.0007630422416232862
0.0007193970127065828 0.0007455813375415063 0.0008210674371968375
0.0 0.0 0.0
1.8775424233159225e-11 1.6809132482933365e-11 1.9684088959498822e-11
0.0005656653524219072 0.0005035049453064338 0.0005896863275000499
0.0005542870910133172 0.0004927507586413328 0.0005795322552666283
0.0004740899138882912 0.00039759044929960985 0.0005030581830125881
0.0002806853692826007 0.00024474225054306746 0.00031054093789741364
0.0 0.0 0.0
0.0004486132937510397 0.0003580678515015878 0.00046613255598409233
0.0004202719756834832 0.0003298780442483797 0.00044151351438780095
0.0005081035185402045 0.0004321335056206891 0.0005307998452210172
0.00040859408926317094 0.0003448802133027222 0.0004330276790959284
0.0 0.0 0.0
0.0004006987719085877 0.0002917047163298027 0.00041842368146265135
0.00033041035410063516 0.00024072260493788116 0.0003491882501660199
0.00020214465490655785 0.0001721124106164 0.00022692068813505185
0.00031260665352278607 0.000239452830810415 0.0003379626129070365
0.0 0.0 0.0
0.0 0.0 0.0
0.00037928008199712167 0.00027653440494466444 0.00039258569774128346
0.00043279976358781867 0.0002543982226177829 0.00041713627928068373
0.0007187033971261857 0.00033389968265067646 0.0006270594071757799
0.0015271663885348128 0.0005752913133734754 0.0012163234949782971
0.0 0.0 0.0
0.003057646747467605 0.003158097822012898 0.003221358665900743
0.0020213724458789553 0.0021250254242369507 0.0021670815933692465
0.0 0.0 0.0
0.0 0.0 0.0
0.0022930441925160996 0.002400627455592575 0.002444975093594687
0.0024891033863441423 0.0025897335072245595 0.0026447105819600684
0.0026034816754718013 0.002781487687497184 0.0028228214151902273
0.002646526735174709 0.0028248435672023954 0.0028671653318803666
0.0022720833618091922 0.002404364825990076 0.0024462532024052573
0.002605767430790961 0.002736732462588479 0.0027823896252361304
2.8704434667172e-09 2.957878491921712e-09 2.999137218608623e-09
3.9610157020920703e-10 4.0148807306128456e-10 4.1508179831128724e-10
0.0 0.0 0.0
0.003291684869159309 0.0033751034686067584 0.003457383347272329
0.003085903116998519 0.0031513839900852107 0.003242359384127078
0.003812400671100842 0.003826506144893853 0.003967325909269406
0.001986304873749781 0.0020000668454198834 0.002149388459269982
0.0 0.0 0.0
0.007621284071836485 0.0077173462842142085 0.007840553546082965
0.006221974275652474 0.006264897181727177 0.006444155664973757
0.004039798047696203 0.004121919707023126 0.004220627516160581
0.004191350509403417 0.004235945830968989 0.0043730360696758366
5.765484190889375e-10 6.062203725959466e-10 6.145994197820876e-10
0.0035337689537889277 0.003784956483944288 0.003807659359578289
0.004782050826390083 0.005028387623553746 0.0050644569641798975
0.006939699149907712 0.00716601013795606 0.007253428581554786
0.007438702952981579 0.007635942357463241 0.007755907890463416
0.0 0.0 0.0
0.006141899793296407 0.006540930227677274 0.006576771483205943
0.008555208012198818 0.008932343768455111 0.009004537622245953
0.004915910714144722 0.00521457666700003 0.005251399511274115
0.006976980419848685 0.0072459243931584085 0.007319606219527803
0.0 0.0 0.0
0.0030867573798514314 0.00328805805561467 0.0033320294435639887
0.0044114171078376615 0.004608146725787679 0.004660989052308038
2.179582944893129e-10 2.236744489939615e-10 2.2732875207986864e-10
0.005505449443235928 0.005655546771893819 0.005747934556560094
0.0071631154325513926 0.007288404644039696 0.00740779572694726
0.003528965065890158 0.003641162735930603 0.0037049770384886696
0.00406009647428061 0.0041679376786525465 0.004241015141914363
0.0039657525518094925 0.004128402631057169 0.004185764790861904
0.004412895378382936 0.004563735127750939 0.004633170828398499
0.0 0.0 0.0
3.420923948844393e-10 3.602173729701415e-10 3.632139570988295e-10
0.009132149368847665 0.009595325503373513 0.009667914034119823
0.010633408578272175 0.011017248081434316 0.011185612944350122
0.016433669200009864 0.016739448055308522 0.01699387513774544
0.01178100378257264 0.011842557352394078 0.012320328472037017
0.011463850033886575 0.011678205496948495 0.011829386893393372
0.008272742578208564 0.008449667953201293 0.008622333396818069
0.01320130791751461 0.013527070658983736 0.013685469108117236
0.013037303872861308 0.013292177722749557 0.013547836233484553
0.0 0.0 0.0
0.009006539753875505 0.009129365103618106 0.009311174352939544
0.005804653344265443 0.005881831889211371 0.006076608420148432
0.005332614797201312 0.004812193946422409 0.005723481439286882
0.0024951014812632476 0.002819612790757437 0.0028243068648544103
0.0 0.0 0.0
0.0 0.0 0.0
0.007580440002263151 0.007640981146331036 0.007817114760218258
0.004470471571873528 0.004464112486970202 0.0046808771281154965
0.0018022078435075404 0.0018926790061075652 0.0020005389739026114
0.0018098777363961935 0.00189037241197864 0.001967456535319067
0.0 0.0 0.0
0.01021909931348008 0.010892909158236104 0.010948147995608074
0.013590999491753346 0.014194726677824556 0.014318323978945842
4.4321940646685766e-10 4.5601182163902964e-10 4.631993112347914e-10
0.01798771681513414 0.018040480774951313 0.018943251918834805
0.011417179540239854 0.011092457661591209 0.012372701679371533
0.015315503205320704 0.016403317768003606 0.016573840254985348
0.018340844056872977 0.01944091030791847 0.019691464515271012
0.012590153217651098 0.013292774821579603 0.013414247127953386
0.017838737871287147 0.01835367823237842 0.018746522993663098
0.0 0.0 0.0
0.018048140379521547 0.01924933969434131 0.01959053983571519
0.016433079742440432 0.017366403626899916 0.01830017192160181
0.008308364857677934 0.008655434128692616 0.009635789852330113
0.00621160022664006 0.0064111519588905845 0.007043009177405184
0.0 0.0 0.0
4.926204442906437e-10 5.380700905355444e-10 5.437450989467172e-10
0.020157764370051946 0.02209071672218729 0.02238036559329467
0.014851784944183063 0.016445904113920218 0.016996860338580402
0.005495571045068851 0.007451166791962751 0.007693606344298312
0.009648551836804868 0.017307063116992576 0.016560585826663136
0.0012356360120270176 0.0011712326139257261 0.001179704735789546
0.001216539025896289 0.0011614571866124788 0.0012021931120111103
0.0012101468808268557 0.001098229079850118 0.001089212451073901
0.0008128230011282788 0.0007002909666472389 0.0006581220521801284
0.001481552750654901 0.001398345490467845 0.0014124125178200508
0.0014397963638025425 0.0014343892202107037 0.0014558689045404611
0.001180466252668921 0.0011515312658199781 0.0012061476719564881
0.00168463170014315 0.0017033129309802688 0.0017295197908033888
0.0 0.0 0.0
0.0007872014970537948 0.0006524369504010974 0.0008124125036031076
0.0006797326868843039 0.00047519160649843364 0.0006962869595709217
0.0007707784983338982 0.000665658718243967 0.0007978398906292705
0.0008192817292438719 0.0007129399976900764 0.0008434453338891509
0.0017727365777374967 0.001796435778673553 0.0018300890086332211
0.0012391856249206956 0.0012120552096330057 0.0012750315255575756
0.0011722287451857605 0.001115611439496266 0.0011981602420512974
0.0012346498406325573 0.0011882791770942943 0.001274562341395649
0.0017332514854464065 0.0014537159758990224 0.0013854631452707316
0.0015298920119026559 0.0013371841390595884 0.0013070161271951793
0.0021150782020672877 0.001965766766065523 0.001995270853805123
0.0016253228443686106 0.0014579851074614455 0.001444141102546917
0.00211851849602482 0.001980142940162223 0.0020242788102726125
0.00262701307484504 0.0025000981671823713 0.0025510825034125006
0.0016572503922336916 0.001457726465316012 0.0014373580186195195
0.006316785606012115 0.0061688821695949966 0.006052692296199007
0.0009984772306061676 0.0009268221418714134 0.0008243444852891984
0.001166617745815465 0.0011338818788616466 0.0010432553759996198
0.0036996586403745774 0.0038499076397322898 0.0038067974329787173
0.005231869193237214 0.005515628629267533 0.0054891970258304865
0.0012483314030550948 0.00125361402737016 0.0011907832415392215
0.00250991324721159 0.0025754113570898404 0.002526401612922208
0.001401716567900477 0.0014033842092325002 0.0013573705120065516
0.0017707835577176593 0.0018116265757778592 0.0017807351242739079
0.001141339736385157 0.0011204099720349301 0.0010072487555863178
0.0008274816045521729 0.0007960240946084552 0.0006832034114127796
0.0012670784809024817 0.0014147816515130312 0.0013380451452366946
0.0020205148229954077 0.0021985777232308404 0.00208280623489477
0.0011675026315950815 0.001161279850533443 0.0010394577638985747
0.0016548566707970153 0.0017312095439384158 0.0015876795555556519
0.001279082515411037 0.0011962149345547143 0.0010073626009452245
0.0011834225174208377 0.0012404137754386602 0.001081581914132482
0.0066867569907866405 0.006750923715038253 0.006868027631007695
0.010541604677019832 0.010894865896126822 0.011006902591573296
0.008148848645616972 0.008268913301101164 0.008379183091125599
0.007420492882101456 0.007539814526241418 0.007665708113136442
0.007397303751022115 0.007527744092652546 0.007636566909907795
0.010264717834245976 0.010661388681605408 0.010769373947735104
0.009312591557282016 0.009651069221680762 0.009745844903243397
0.008963705593908381 0.009324279146150067 0.0094128530466162
